0.1503813906011695,-0.09392122720333829,0.0005067598845638344,0.09934431758127849,-0.09392122720333829,0.09392122720333829,0.09392122720333829,-0.09392122720333829,0.0,0.09392122720333829,0.5612543826065535,0.09918936845285353,0.09901284194476956,-0.09392122720333829,0.09910055300157028,0.15474362098862526,1.0,0.8018248258909791,5.235708535693502
0.1586017570031686,-0.10252285207637923,0.0016802407504590278,0.1057843911156433,-0.10252285207637923,0.10252285207637923,0.10252285207637923,-0.10252285207637923,0.0,0.10252285207637923,0.5571436833265873,0.08953393601531578,0.10570664734574509,-0.10252285207637923,0.0889698819881839,0.16471432238932193,1.0,0.8023380666303732,5.261810762954019
0.14019291028453473,-0.0842511606596088,0.0,0.09358467416239025,-0.0842511606596088,0.0842511606596088,0.0842511606596088,-0.0842511606596088,4.358581081298496e-5,0.0842511606596088,0.5579130942436148,0.11037299505194609,0.09353381432659402,-0.0842511606596088,0.10859041640624989,0.1496316782315117,1.0,0.8024276005908226,5.195941166546991
0.14033729133595774,-0.08470469008165793,0.001743180519963694,0.09361594283032293,-0.08470469008165793,0.08470469008165793,0.08470469008165793,-0.08470469008165793,0.0,0.08470469008165793,0.557112837923329,0.10952114996623497,0.09326296962092151,-0.08470469008165793,0.10909965412357003,0.1496236716194037,1.0,0.8024276005908226,5.198709398874158
0.13872821055736395,-0.08399916867380308,0.001614996288306969,0.0923412498793359,-0.08399916867380308,0.08399916867380308,0.08399916867380308,-0.08399916867380308,0.0,0.08399916867380308,0.5592743969430067,0.11110611174221163,0.09206149399502794,-0.08399916867380308,0.11051261742119611,0.14797209970539948,1.0,0.8029399309587132,5.198833185959314
0.14975291487865228,-0.09348620437684851,0.0019817031613946767,0.09916669723776761,-0.09348620437684851,0.09348620437684851,0.09348620437684851,-0.09348620437684851,0.0,0.09348620437684851,0.5582653866990412,0.09919733712892831,0.09878909162602256,-0.09348620437684851,0.10038219647293523,0.15556288503015225,1.0,0.8029236784066456,5.232126258257014
0.14890789600198318,-0.09291883055692995,0.00410100479241482,0.09855798484881095,-0.09291883055692995,0.09291883055692995,0.09291883055692995,-0.09291883055692995,0.0,0.09291883055692995,0.5549075478308749,0.10082451553462324,0.09873926954978973,-0.09291883055692995,0.10026469103194824,0.15622792882453052,1.0,0.801881890937613,5.233995027962313
0.14815059479560233,-0.092914509609616,0.0013033572658383008,0.09885533398000823,-0.092914509609616,0.092914509609616,0.092914509609616,-0.092914509609616,0.0,0.092914509609616,0.5610207681453581,0.10095041890351752,0.09854750851739946,-0.092914509609616,0.09805389955936517,0.15564463630057257,1.0,0.8021915055410176,5.232994236282861
0.13931253342821925,-0.08270931562940897,0.0,0.09259586150436028,-0.08270931562940897,0.08270931562940897,0.08270931562940897,-0.08270931562940897,0.0004626026116731907,0.08270931562940897,0.5581895234171537,0.11181203343246637,0.09197501398349472,-0.08270931562940897,0.11055838862388456,0.14741536648620257,1.0,0.8023055029680717,5.19687287967784
0.23921971593007108,-0.09851127077061594,0.0006052563329959071,0.11435834460424577,-0.09851127077061594,0.09851127077061594,0.09851127077061594,-0.09851127077061594,0.0,0.09851127077061594,0.25937461723616373,0.09751446597113311,0.1137957750153964,-0.09851127077061594,0.09740549102367257,0.34584961251498303,2.0,1.496590673626815,4.698497549795189
0.21638529583898247,-0.07569206444405507,0.0,0.1038453672950932,-0.07569206444405507,0.07569206444405507,0.07569206444405507,-0.07569206444405507,0.0004892511472176508,0.07569206444405507,0.2601448678041445,0.1163933271582196,0.10349801955971438,-0.07569206444405507,0.11422084526712473,0.3303270982316042,2.0,1.4983751082838075,4.620451799684272
0.24342427118265597,-0.09548626965393936,0.0018870358830378464,0.11599350741899794,-0.09548626965393936,0.09548626965393936,0.09548626965393936,-0.09548626965393936,0.0,0.09548626965393936,0.23997219302099193,0.10257989540041113,0.11489118114719243,-0.09548626965393936,0.10280088535826071,0.34354930810043705,2.0,1.5519870895701022,4.649082658353545
0.21615371462690902,-0.07711760429444814,0.0003891495895622654,0.10404265263790391,-0.07711760429444814,0.07711760429444814,0.07711760429444814,-0.07711760429444814,0.0,0.07711760429444814,0.2633579123838423,0.11450898278031874,0.10312415746562165,-0.07711760429444814,0.11484348182999371,0.3303095608383422,2.0,1.4969511929447172,4.6230287171334705
0.24045538076671225,-0.09333085504735461,0.0010337792076677843,0.11184802891597823,-0.09333085504735461,0.09333085504735461,0.09333085504735461,-0.09333085504735461,0.0,0.09333085504735461,0.25066412934233284,0.10280166159977266,0.11119852096064697,-0.09333085504735461,0.10388286176277717,0.34105850034951235,2.0,1.5274826758932298,4.678630585859418
0.2493272943272844,-0.0998391224230546,0.003773327395231618,0.11661944048968165,-0.0998391224230546,0.0998391224230546,0.0998391224230546,-0.0998391224230546,0.0,0.0998391224230546,0.2406875496260339,0.09837194052696008,0.11614019718524426,-0.0998391224230546,0.0982504320366302,0.34628094869403414,2.0,1.5449860013082506,4.6842504718892
0.2387881948267374,-0.09371349236424509,0.001089433481494595,0.11250626677902664,-0.09371349236424509,0.09371349236424509,0.09371349236424509,-0.09371349236424509,0.0,0.09371349236424509,0.2528430986519279,0.10365645302225568,0.11203305635700334,-0.09371349236424509,0.10148543318045133,0.34092356392339385,2.0,1.524873535110803,4.678956658409233
0.24350620258555367,-0.09402976388450579,0.0,0.1150665257118142,-0.09402976388450579,0.09402976388450579,0.09402976388450579,-0.09402976388450579,0.000519744004083833,0.09402976388450579,0.24090857479242267,0.10388835685990827,0.11441338334172801,-0.09402976388450579,0.10335584775727558,0.3419831366897652,2.0,1.5523917672792518,4.647432924250167
0.2405640516290406,-0.09198011409567375,0.0,0.11246553994204067,-0.09198011409567375,0.09198011409567375,0.09198011409567375,-0.09198011409567375,9.00296663157718e-5,0.09198011409567375,0.24935012167464432,0.10204549605965152,0.1121619980473687,-0.09198011409567375,0.10102977034004912,0.3438851145946087,2.0,1.5295592258251143,4.668675051596961
0.24021894431240653,-0.09139285574662015,0.003154635468990641,0.11130647061753773,-0.09139285574662015,0.09139285574662015,0.09139285574662015,-0.09139285574662015,0.0,0.09139285574662015,0.24806791324809385,0.10269888757124956,0.11090575764345889,-0.09139285574662015,0.10213104447035004,0.34252121027257854,2.0,1.5294170121173014,4.6719292043456955
0.2384393341190787,-0.09331675719287258,0.0016687155805499287,0.11229701960221572,-0.09331675719287258,0.09331675719287258,0.09331675719287258,-0.09331675719287258,0.0,0.09331675719287258,0.2527883243412514,0.10092883334663139,0.11177896618063876,-0.09331675719287258,0.10030401595215288,0.3447235559283994,2.0,1.5264010244972637,4.671193307525124
0.23869380453823297,-0.09852051198379774,0.0016064707755623076,0.11492485380011486,-0.09852051198379774,0.09852051198379774,0.09852051198379774,-0.09852051198379774,0.0,0.09852051198379774,0.2584330547078819,0.09541359005165306,0.11408233403060786,-0.09852051198379774,0.09602968045617422,0.3489487314816162,2.0,1.499698719511127,4.6953284814840615
0.23778166120989574,-0.09702827273692227,0.004787772224009501,0.11330337881378538,-0.09702827273692227,0.09702827273692227,0.09702827273692227,-0.09702827273692227,0.0,0.09702827273692227,0.25436340210624486,0.09905593373013,0.11310542477817309,-0.09702827273692227,0.0971412671266445,0.34710144060608483,2.0,1.498225528220463,4.696273975952985
0.23810676958638144,-0.09667674172405771,0.0012752746385737979,0.11375473286358595,-0.09667674172405771,0.09667674172405771,0.09667674172405771,-0.09667674172405771,0.0,0.09667674172405771,0.2605919827099701,0.09699263455429463,0.11275596838460622,-0.09667674172405771,0.09557538611280592,0.3472360007318853,2.0,1.4996526642333272,4.696405862413478
0.23888395265322782,-0.09106641695763518,0.0,0.11243561807283786,-0.09106641695763518,0.09106641695763518,0.09106641695763518,-0.09106641695763518,7.538432779163884e-5,0.09106641695763518,0.2516682082143893,0.10226515905621181,0.11136017893281736,-0.09106641695763518,0.10066564803762912,0.34332427552077593,2.0,1.5286447725177956,4.670248501209284
0.22815622081620823,-0.07901120910695436,0.001112137013037362,0.10696095265423988,-0.07901120910695436,0.07901120910695436,0.07901120910695436,-0.07901120910695436,0.0,0.07901120910695436,0.24225598602705478,0.11568832347637947,0.10654118302112803,-0.07901120910695436,0.1141985732851376,0.33370984067181464,2.0,1.5462940100245817,4.606351693024876
0.22843976337250638,-0.081123169675136,0.00044169212347799913,0.10783733736552747,-0.081123169675136,0.081123169675136,0.081123169675136,-0.081123169675136,0.0,0.081123169675136,0.24414102932531012,0.11446692859643193,0.10746732838471562,-0.081123169675136,0.11263755575807277,0.33530354260713935,2.0,1.5484589576829244,4.606714578378969
0.2162252413975132,-0.07392216262368567,0.000580300140026857,0.10280544194503616,-0.07392216262368567,0.07392216262368567,0.07392216262368567,-0.07392216262368567,0.0,0.07392216262368567,0.2588025646633403,0.11705348938986848,0.10228259922147487,-0.07392216262368567,0.11556360143749345,0.330220932286978,2.0,1.4994157525524021,4.616100465407011
0.2432681688394318,-0.09376910940335437,0.0025574861520105685,0.1152786435489408,-0.09376910940335437,0.09376910940335437,0.09376910940335437,-0.09376910940335437,0.0,0.09376910940335437,0.23537967980098173,0.10379361500147999,0.11509534964499446,-0.09376910940335437,0.10275638689900068,0.34525178737455997,2.0,1.5534876679218503,4.644566837943872
0.24330572560747665,-0.09565161925369514,0.000552417818080464,0.11704508271888203,-0.09565161925369514,0.09565161925369514,0.09565161925369514,-0.09565161925369514,0.0,0.09565161925369514,0.2394712365617604,0.1014480280744734,0.11645495692977681,-0.09565161925369514,0.09908393883310973,0.3479022405681813,2.0,1.5544819633868956,4.643684754871378
0.24069709135804285,-0.09329036938976598,0.0,0.11795079535882946,-0.09329036938976598,0.09329036938976598,0.09329036938976598,-0.09329036938976598,0.0005984067388258296,0.09329036938976598,0.23232617542207645,0.10459535988434654,0.11692511654567417,-0.09329036938976598,0.10181486034111709,0.34799457159889924,2.0,1.5649951375451723,4.608152083037935
0.23989958811799106,-0.0962555175718296,0.002527270263729342,0.11896250106162354,-0.0962555175718296,0.0962555175718296,0.0962555175718296,-0.0962555175718296,0.0,0.0962555175718296,0.23444638753335223,0.10164407949797694,0.11784721597772974,-0.0962555175718296,0.10154358210034564,0.34899690087712676,2.0,1.5640634447550108,4.612690950288731
0.21563847905733002,-0.07454799060123252,0.002286814561310635,0.10284600503032104,-0.07454799060123252,0.07454799060123252,0.07454799060123252,-0.07454799060123252,0.0,0.07454799060123252,0.2590211894126879,0.11542738475534398,0.10197488483916617,-0.07454799060123252,0.11552207694222494,0.33144316386089345,2.0,1.4977722882438957,4.61805686823764
0.21509052878798673,-0.07301102691617656,0.00381797887111901,0.10139593017177395,-0.07301102691617656,0.07301102691617656,0.07301102691617656,-0.07301102691617656,0.0,0.07301102691617656,0.25793183260317765,0.11654588653689979,0.1018609916531914,-0.07301102691617656,0.11602508419614788,0.3299548019539258,2.0,1.4977574250771086,4.621059137941894
0.24206420206376222,-0.09726272936846181,0.002819889566981537,0.11792839783468478,-0.09726272936846181,0.09726272936846181,0.09726272936846181,-0.09726272936846181,0.0,0.09726272936846181,0.23890945527702367,0.10156968596034632,0.1167585852107833,-0.09726272936846181,0.09926136486703685,0.34756315644588875,2.0,1.5527744554685645,4.646452888684238
0.22836404845922065,-0.08003917510801895,0.0007112288693029711,0.10798107113717581,-0.08003917510801895,0.08003917510801895,0.08003917510801895,-0.08003917510801895,0.0,0.08003917510801895,0.24223789055105893,0.11524647786877562,0.10706280381124333,-0.08003917510801895,0.1139001941968738,0.33414746807241347,2.0,1.5467909954895265,4.607307194029141
0.2428722296028214,-0.095764575895108,0.0024337776537581846,0.11572455913766211,-0.095764575895108,0.095764575895108,0.095764575895108,-0.095764575895108,0.0,0.095764575895108,0.24025412188725692,0.1001356043183077,0.11506217687268228,-0.095764575895108,0.10178234765962157,0.3471117666210435,2.0,1.5547289183681716,4.645519241763622
0.24101153188428004,-0.09362898707531864,0.005004885436882489,0.11390017877893266,-0.09362898707531864,0.09362898707531864,0.09362898707531864,-0.09362898707531864,0.0,0.09362898707531864,0.23792917392077317,0.10363325153942915,0.11373416112524515,-0.09362898707531864,0.10294343642774217,0.34508437582007945,2.0,1.5526180875328557,4.647265773230005
0.21530876853875558,-0.07590326800474934,0.0007473226708079039,0.10297304321769207,-0.07590326800474934,0.07590326800474934,0.07590326800474934,-0.07590326800474934,0.0,0.07590326800474934,0.26314656929520286,0.11511400601845612,0.1025667399868544,-0.07590326800474934,0.11378675597490062,0.33187207016012543,2.0,1.4988457807570992,4.621059051578238
0.22619513361045396,-0.07927377427896731,0.0,0.10728691528413181,-0.07927377427896731,0.07927377427896731,0.07927377427896731,-0.07927377427896731,0.00013950255822514634,0.07927377427896731,0.24668516714015443,0.11523736194489365,0.1054087774016117,-0.07927377427896731,0.11424536146834585,0.3336875627291964,2.0,1.5460422833145258,4.607238286380495
0.2408138385624845,-0.09260487003011386,0.004207410569216918,0.11128690130209096,-0.09260487003011386,0.09260487003011386,0.09260487003011386,-0.09260487003011386,0.0,0.09260487003011386,0.24583245228160777,0.10257717773275266,0.11087917809418846,-0.09260487003011386,0.10393258076112533,0.3426873385846929,2.0,1.5300194621110668,4.677344432076302
0.2486479618902866,-0.10160316386312429,0.002369479272112507,0.11883719094597067,-0.10160316386312429,0.10160316386312429,0.10160316386312429,-0.10160316386312429,0.0,0.10160316386312429,0.2434592667107145,0.09577215598758437,0.11778732377391199,-0.10160316386312429,0.09448668286979123,0.3498551102707981,2.0,1.5474055698445601,4.679758450027503
0.24325711318469256,-0.09460413908464638,0.001494896533142942,0.11583409028580771,-0.09460413908464638,0.09460413908464638,0.09460413908464638,-0.09460413908464638,0.0,0.09460413908464638,0.2378981985838351,0.10300951386802648,0.11518710380193031,-0.09460413908464638,0.10341411266793177,0.34412111801732514,2.0,1.5541367120873004,4.643661565638944
0.2371988860002734,-0.0910426931709325,0.004499963777804261,0.1105198845533164,-0.0910426931709325,0.0910426931709325,0.0910426931709325,-0.0910426931709325,0.0,0.0910426931709325,0.24840496406841073,0.10506429938028417,0.11007812790478111,-0.0910426931709325,0.10323965392035683,0.34164892142375125,2.0,1.5262408764669289,4.677899709704065
0.21532081294875383,-0.07477827272950366,0.0021551066650076223,0.10323219331427458,-0.07477827272950366,0.07477827272950366,0.07477827272950366,-0.07477827272950366,0.0,0.07477827272950366,0.2570065571208584,0.11593539463850044,0.10234046597997759,-0.07477827272950366,0.11611349835978801,0.3322862515603888,2.0,1.4965721729182198,4.619351279698364
0.21510545801332537,-0.07415263174167874,0.0,0.10297074734641631,-0.07415263174167874,0.07415263174167874,0.07415263174167874,-0.07415263174167874,0.0007068636982658916,0.07415263174167874,0.2612494491792807,0.11769296916121208,0.10162000710845964,-0.07415263174167874,0.11472802873281873,0.32969111635994564,2.0,1.4981641328947826,4.618794850106497
0.271430083362187,-0.05486639117429881,0.0,0.10349001863623286,-0.05486639117429881,0.05486639117429881,0.05486639117429881,-0.05486639117429881,0.0013714216116085254,0.05486639117429881,0.1302094410636787,0.05320239974752994,0.10247640794948865,-0.05486639117429881,0.05116618503045345,0.5111324416311653,3.0,2.1555193810863487,4.073593969487011
0.2947309423996094,-0.06926489732040508,0.0015759553495939826,0.10915540817731095,-0.06926489732040508,0.06926489732040508,0.06926489732040508,-0.06926489732040508,0.0,0.06926489732040508,0.11645145931498746,0.04532497072904995,0.10773435603264314,-0.06926489732040508,0.04512138222152906,0.5187824309537268,3.0,2.1970637751370643,4.1062586697435615
0.27137341730411535,-0.057505256130043314,0.00030601909793936954,0.1047303865698197,-0.057505256130043314,0.057505256130043314,0.057505256130043314,-0.057505256130043314,0.0,0.057505256130043314,0.13509889492527538,0.04950490848421385,0.10355654479639398,-0.057505256130043314,0.04928727634205732,0.513259816468274,3.0,2.1521785718792197,4.075411129679644
0.28598758479497555,-0.07086051823154182,7.934504329742964e-5,0.10907221715911497,-0.07086051823154182,0.07086051823154182,0.07086051823154182,-0.07086051823154182,0.0,0.07086051823154182,0.13102136710674994,0.042027296337421305,0.10807423592321452,-0.07086051823154182,0.04208767921447265,0.5221228005103411,3.0,2.1556077244939864,4.123024698271651
0.2930846915724281,-0.07416626737769594,0.0031493266791278174,0.11073838054488494,-0.07416626737769594,0.07416626737769594,0.07416626737769594,-0.07416626737769594,0.0,0.07416626737769594,0.1219450646712632,0.04158681935469932,0.10958628354099087,-0.07416626737769594,0.04081503491473182,0.5228726739576155,3.0,2.1665906161501907,4.1292546150911855
0.28483684982340396,-0.06998535876288159,0.00019447361994284762,0.10916349131912373,-0.06998535876288159,0.06998535876288159,0.06998535876288159,-0.06998535876288159,0.0,0.06998535876288159,0.13296420665538822,0.04254298752191055,0.10776367518952235,-0.06998535876288159,0.041307948089502666,0.5208237344021329,3.0,2.153344895882328,4.123565239506422
0.2931462588926079,-0.06720472781459286,0.0,0.10830423386195065,-0.06720472781459286,0.06720472781459286,0.06720472781459286,-0.06720472781459286,0.0011555263620008915,0.06720472781459286,0.11818046283239791,0.04596508611825012,0.10705575667690148,-0.06720472781459286,0.04498926485597021,0.5180201460725593,3.0,2.197289509006231,4.104621517569547
0.2760023397483442,-0.04838253950851268,0.0004973820960350039,0.10275941163647939,-0.04838253950851268,0.04838253950851268,0.04838253950851268,-0.04838253950851268,0.0,0.04838253950851268,0.11321818845399534,0.05948573860636852,0.10176673327756891,-0.04838253950851268,0.05697467395367273,0.5072900795940942,3.0,2.212572986818586,4.028144994988465
0.25291721848657645,-0.035984403145946864,0.0,0.09802941341100624,-0.035984403145946864,0.035984403145946864,0.035984403145946864,-0.035984403145946864,0.00043851440430309196,0.035984403145946864,0.13002072791202757,0.06326142799856971,0.09736673679213226,-0.035984403145946864,0.06092267725870926,0.5026396947406679,3.0,2.1688673396975937,3.9972265760926753
0.2572371767615227,-0.04116237358615216,0.0,0.09965267148662615,-0.04116237358615216,0.04116237358615216,0.04116237358615216,-0.04116237358615216,0.0002667520210160035,0.04116237358615216,0.13305651871872648,0.059057331028399496,0.09864690007419519,-0.04116237358615216,0.05792127577250383,0.504935755581208,3.0,2.1559108209342153,4.029078704297531
0.2887601148571646,-0.059698173131949694,0.0016677727657725683,0.10717194389939877,-0.059698173131949694,0.059698173131949694,0.059698173131949694,-0.059698173131949694,0.0,0.059698173131949694,0.1094751324875185,0.050987763409583664,0.10601549973777313,-0.059698173131949694,0.050988731802328324,0.5142432220304558,3.0,2.213117971001445,4.066733494491523
0.279831476612463,-0.056288282855113,0.0,0.1057412523686887,-0.056288282855113,0.056288282855113,0.056288282855113,-0.056288282855113,0.0005414054459134121,0.056288282855113,0.11868321226685907,0.05257540696773244,0.10446291000110186,-0.056288282855113,0.050485864645459344,0.5135787624049408,3.0,2.196866755825472,4.060701608968252
0.2865519896016373,-0.05720840970532848,0.0,0.10784933010591935,-0.05720840970532848,0.05720840970532848,0.05720840970532848,-0.05720840970532848,0.0017108555903613265,0.05720840970532848,0.10339606368312815,0.055668601503502835,0.10662669779747347,-0.05720840970532848,0.052945255151438,0.5120716241299137,3.0,2.227621944957286,4.030874483990102
0.28695034866964075,-0.0610720825765485,0.0014359685511236009,0.10978024126448283,-0.0610720825765485,0.0610720825765485,0.0610720825765485,-0.0610720825765485,0.0,0.0610720825765485,0.10690252477584838,0.05123507351336887,0.10804855302059213,-0.0610720825765485,0.05161547770770092,0.5147159029318367,3.0,2.2252469295935837,4.034992823011618
0.2801068116774559,-0.05469538408268271,0.0013725783040454687,0.10381832691364057,-0.05469538408268271,0.05469538408268271,0.05469538408268271,-0.05469538408268271,0.0,0.05469538408268271,0.11804527117031505,0.05356175732779356,0.10235221734716404,-0.05469538408268271,0.054092630642899486,0.5109577985574143,3.0,2.19660907568299,4.061665203644615
0.287583712108173,-0.05895693239890587,0.0033975356684132763,0.1058484889789133,-0.05895693239890587,0.05895693239890587,0.05895693239890587,-0.05895693239890587,0.0,0.05895693239890587,0.11070812277773179,0.050523203914289994,0.10540998994575279,-0.05895693239890587,0.051877447619000705,0.5132204392446766,3.0,2.2115180888933743,4.0690361930699535
0.30197307820477626,-0.07064958008767253,0.002406874357174793,0.11129852782334115,-0.07064958008767253,0.07064958008767253,0.07064958008767253,-0.07064958008767253,0.0,0.07064958008767253,0.10335725481790003,0.046162352142903096,0.10990777254159845,-0.07064958008767253,0.044430897173993955,0.5207248308840304,3.0,2.2417936708909063,4.090636544315599
0.2995026898536377,-0.062449278376602635,0.0007305374234523043,0.10862157406241923,-0.062449278376602635,0.062449278376602635,0.062449278376602635,-0.062449278376602635,0.0,0.062449278376602635,0.09728008502957941,0.053331333987846286,0.10750201909812951,-0.062449278376602635,0.05242375407356192,0.5126692927060219,3.0,2.2604317984171898,4.056046956755525
0.2809090013569664,-0.05712577811639363,0.0006183479763297584,0.10474384425512007,-0.05712577811639363,0.05712577811639363,0.05712577811639363,-0.05712577811639363,0.0,0.05712577811639363,0.12040958858271367,0.051681617222175014,0.10354975449140458,-0.05712577811639363,0.05257573880852462,0.5122498932812052,3.0,2.1978221850898865,4.063030629831282
0.28691029200368856,-0.06089605466728365,0.003137618957904209,0.10699580570414291,-0.06089605466728365,0.06089605466728365,0.06089605466728365,-0.06089605466728365,0.0,0.06089605466728365,0.11355346128985655,0.049838230621505275,0.10572696092356004,-0.06089605466728365,0.05046670361705452,0.5138789894076172,3.0,2.2104638417145517,4.069188653094263
0.2568643927250056,-0.04375881852507835,0.0,0.10031899003931954,-0.04375881852507835,0.04375881852507835,0.04375881852507835,-0.04375881852507835,0.000486818210707618,0.04375881852507835,0.13732767257637324,0.056625221379854374,0.0990324483028937,-0.04375881852507835,0.05718269988354763,0.5055325832654223,3.0,2.1527052327786524,4.0325874266348745
0.27448544723051516,-0.0488483463590601,0.0,0.10285657429672934,-0.0488483463590601,0.0488483463590601,0.0488483463590601,-0.0488483463590601,0.0013839935494983635,0.0488483463590601,0.11674851731222535,0.05763844390629558,0.10078695794444492,-0.0488483463590601,0.05831550902135785,0.5062449109560392,3.0,2.211081412426616,4.028830485970974
0.30057345947499314,-0.06895660243778767,0.003026648835342982,0.10745465045699465,-0.06895660243778767,0.06895660243778767,0.06895660243778767,-0.06895660243778767,0.0,0.06895660243778767,0.11090693789325634,0.044342891013552155,0.10634696359907991,-0.06895660243778767,0.046560027587315034,0.5193570314352991,3.0,2.219181594832914,4.121674812131381
0.29899563351638037,-0.07011933015676242,0.0011281505870845976,0.10906235539603948,-0.07011933015676242,0.07011933015676242,0.07011933015676242,-0.07011933015676242,0.0,0.07011933015676242,0.11524269781634544,0.044185441233536515,0.1073309932763955,-0.07011933015676242,0.04365207391269177,0.5201339922763344,3.0,2.2165631254845906,4.119653166899578
0.30407963424128504,-0.06885958184805574,6.603905209878747e-5,0.10984463526972466,-0.06885958184805574,0.06885958184805574,0.06885958184805574,-0.06885958184805574,0.0,0.06885958184805574,0.10337328868541285,0.046907691926326045,0.10911057821699277,-0.06885958184805574,0.04700592611127785,0.5180837962029834,3.0,2.2452768037210284,4.08859022223149
0.2973015310249769,-0.06797075839731104,0.003615303448350815,0.10737848062425037,-0.06797075839731104,0.06797075839731104,0.06797075839731104,-0.06797075839731104,0.0,0.06797075839731104,0.11301673882516194,0.04620272407520787,0.10636838848787988,-0.06797075839731104,0.045693641465565094,0.5180059583039638,3.0,2.2140658101139596,4.121502144591357
0.28783748897441175,-0.06036183703020903,0.002062639916266207,0.10673245929411657,-0.06036183703020903,0.06036183703020903,0.06036183703020903,-0.06036183703020903,0.0,0.06036183703020903,0.11090517980676573,0.051080528163201855,0.1062630965308573,-0.06036183703020903,0.05125440997002784,0.5138380422326074,3.0,2.2103421469241304,4.067653304930544
0.27934488553813797,-0.054728780941082356,0.0,0.10399433546909265,-0.054728780941082356,0.054728780941082356,0.054728780941082356,-0.054728780941082356,0.0015853949439463833,0.054728780941082356,0.11927442865471694,0.055590844024557384,0.10250438601621337,-0.054728780941082356,0.05365319272787783,0.5083933214245855,3.0,2.195247766197987,4.06181370453998
0.2877768919109043,-0.055012288871907344,0.0011216366543500556,0.10297970792957578,-0.055012288871907344,0.055012288871907344,0.055012288871907344,-0.055012288871907344,0.0,0.055012288871907344,0.11309247547957035,0.053497160300932656,0.10243838239665326,-0.055012288871907344,0.05245356151451119,0.5112644805434554,3.0,2.220569387357572,4.073251061007445
0.2873894825177654,-0.0575996506053027,0.0,0.10409145775414252,-0.0575996506053027,0.0575996506053027,0.0575996506053027,-0.0575996506053027,0.0005277157584115955,0.0575996506053027,0.11632691177723053,0.051667476933201506,0.10334772137465276,-0.0575996506053027,0.05063489711270108,0.5132259952352429,3.0,2.2194959381743997,4.072799883543517
0.27147151080926246,-0.05404564668537226,0.0,0.10382969533927255,-0.05404564668537226,0.05404564668537226,0.05404564668537226,-0.05404564668537226,0.00021912693685610662,0.05404564668537226,0.13088734797204005,0.0512291109081735,0.1028883229873161,-0.05404564668537226,0.05039689882494347,0.5127356407655537,3.0,2.1583167835294237,4.069762833705079
0.2938042854458365,-0.06626615493089627,0.0025861331765257844,0.10747059517094915,-0.06626615493089627,0.06626615493089627,0.06626615493089627,-0.06626615493089627,0.0,0.06626615493089627,0.11283783336001374,0.0470276625944841,0.10733590384842362,-0.06626615493089627,0.045956267749119206,0.5188594814435898,3.0,2.1995024285004767,4.100516526844547
0.294010731005522,-0.06721944139713276,0.0,0.10878555162330095,-0.06721944139713276,0.06721944139713276,0.06721944139713276,-0.06721944139713276,0.0005002855855158472,0.06721944139713276,0.11675659577423136,0.04471617932368677,0.10764812830237869,-0.06721944139713276,0.04305426732660678,0.521359710313936,3.0,2.201130829392492,4.100954421561693
0.2969844284744232,-0.06211621915572341,0.0,0.10727751351617343,-0.06211621915572341,0.06211621915572341,0.06211621915572341,-0.06211621915572341,0.0016769282546205133,0.06211621915572341,0.10534832036439035,0.050120966825497604,0.10589269606021379,-0.06211621915572341,0.047952000229323666,0.5164753732891265,3.0,2.234699730053494,4.0758079552989654
0.2976965084902492,-0.0667645173223681,0.002876149619662982,0.10883522777689603,-0.0667645173223681,0.0667645173223681,0.0667645173223681,-0.0667645173223681,0.0,0.0667645173223681,0.10650137029440998,0.04718830525129736,0.10795272425443159,-0.0667645173223681,0.046018249878253314,0.5193079896152133,3.0,2.2315410189910114,4.079804383067287
0.271146525952207,-0.05443344920194004,0.002036539844901597,0.10366785251617294,-0.05443344920194004,0.05443344920194004,0.05443344920194004,-0.05443344920194004,0.0,0.05443344920194004,0.1301570265658576,0.05032168520909597,0.1022439930971526,-0.05443344920194004,0.050902011405544734,0.5135698224690532,3.0,2.156790676415005,4.072052273841989
0.27074552532604024,-0.05275048395035231,0.004255606451752492,0.10184477253324253,-0.05275048395035231,0.05275048395035231,0.05275048395035231,-0.05275048395035231,0.0,0.05275048395035231,0.12850715585707295,0.05243467048514283,0.10158140944839822,-0.05275048395035231,0.05162466604300775,0.5113686856637409,3.0,2.156236283989147,4.0742828769515835
0.2943562141122671,-0.06882413058462333,0.0019076837518721135,0.10949956965250784,-0.06882413058462333,0.06882413058462333,0.06882413058462333,-0.06882413058462333,0.0,0.06882413058462333,0.1163153075125587,0.04382463466137487,0.107837643852573,-0.06882413058462333,0.042943060821595935,0.5217520240779194,3.0,2.2000807945221883,4.1041564370480055
0.28745341386366263,-0.05546857871422706,0.0008710101835616157,0.10368129427549544,-0.05546857871422706,0.05546857871422706,0.05546857871422706,-0.05546857871422706,0.0,0.05546857871422706,0.11430409316565981,0.05264670143724093,0.10253865291266617,-0.05546857871422706,0.05145642193362665,0.5121289988003594,3.0,2.220857452429517,4.074919770923929
0.2936323773211065,-0.07033992147534729,0.0012873061943832198,0.10994128725475161,-0.07033992147534729,0.07033992147534729,0.07033992147534729,-0.07033992147534729,0.0,0.07033992147534729,0.11858494815739817,0.04201205283581633,0.10867182686168952,-0.07033992147534729,0.04354090581016479,0.5222812248980828,3.0,2.1990445912267966,4.102018891292883
0.29185108074560606,-0.06857919490435194,0.004047080720565255,0.10871035948107632,-0.06857919490435194,0.06857919490435194,0.06857919490435194,-0.06857919490435194,0.0,0.06857919490435194,0.11598028146443617,0.04579037622241522,0.10749997623550644,-0.06857919490435194,0.044272909146159556,0.5200391387466325,3.0,2.196110971157983,4.1026694301967375
0.270884217199475,-0.05668357807042934,0.0,0.10467148645263524,-0.05668357807042934,0.05668357807042934,0.05668357807042934,-0.05668357807042934,0.00016267766792932292,0.05668357807042934,0.1359401784251748,0.048234748603446675,0.10346959818954193,-0.05668357807042934,0.047488421788100865,0.5154442576021712,3.0,2.1551198304695274,4.074246745572727
0.28496029741397155,-0.0560793079093882,0.0,0.10379937064299849,-0.0560793079093882,0.0560793079093882,0.0560793079093882,-0.0560793079093882,0.0008348979184518157,0.0560793079093882,0.11815866181485468,0.052470562975910795,0.10137905640205247,-0.0560793079093882,0.05164250540768567,0.5124459631915084,3.0,2.2175555042691157,4.073773679475086
0.2856526294654449,-0.06947692727021604,0.0036173535607426643,0.1085207500586014,-0.06947692727021604,0.06947692727021604,0.06947692727021604,-0.06947692727021604,0.0,0.06947692727021604,0.1262444456285392,0.04232209201983572,0.10720568386781792,-0.06947692727021604,0.04312060904273185,0.522405371484548,3.0,2.1580056038848636,4.121743130646805
0.2930732762339936,-0.0747317395909688,0.0009924042221340912,0.11240799399505264,-0.0747317395909688,0.0747317395909688,0.0747317395909688,-0.0747317395909688,0.0,0.0747317395909688,0.1251992393451955,0.03802184938824382,0.11044989007455008,-0.0747317395909688,0.03833802191007152,0.5258610722797732,3.0,2.171378023300841,4.126177697007909
0.29382457106039794,-0.06819623864056723,0.00031393953532798946,0.10984851565344922,-0.06819623864056723,0.06819623864056723,0.06819623864056723,-0.06819623864056723,0.0,0.06819623864056723,0.11698991855084984,0.044230247591390714,0.1084281282581454,-0.06819623864056723,0.04405344039274617,0.5201194854563056,3.0,2.2009402494840384,4.101179481852799
0.2832895011490377,-0.06732071633171088,0.003435225317565127,0.10737678541140383,-0.06732071633171088,0.06732071633171088,0.06732071633171088,-0.06732071633171088,0.0,0.06732071633171088,0.12906892637050316,0.044529042460665025,0.10605861503289127,-0.06732071633171088,0.04322157596355325,0.5199530524841371,3.0,2.155570369761239,4.1220821992931365
0.2701527674127169,-0.05425604149126073,0.0022082629554187605,0.10403163782661373,-0.05425604149126073,0.05425604149126073,0.05425604149126073,-0.05425604149126073,0.0,0.05425604149126073,0.13005757197921142,0.050954071042471405,0.10257071477256563,-0.05425604149126073,0.05013075439424419,0.5137622689660644,3.0,2.155325748896262,4.072856801479277
0.2700212464541272,-0.0533728935151867,0.0,0.10340945394557899,-0.0533728935151867,0.0533728935151867,0.0533728935151867,-0.0533728935151867,0.0011309540096915427,0.0533728935151867,0.13397779583579972,0.05115729822472925,0.10143067847486797,-0.0533728935151867,0.05047551554049878,0.5113819588879389,3.0,2.15688849512742,4.073702332392063
0.29088214618804287,-0.05453755863732024,0.0010392918124528805,0.10643815872730755,-0.05453755863732024,0.05453755863732024,0.05453755863732024,-0.05453755863732024,0.0,0.05453755863732024,0.09555998222542517,0.05752559614059827,0.10519463137763374,-0.05453755863732024,0.05684296787095988,0.5106667921529455,3.0,2.2661605701582963,4.015728445301381
0.2516458412116185,-0.031687044686957044,0.0003756814586237667,0.09663042098347319,-0.031687044686957044,0.031687044686957044,0.031687044686957044,-0.031687044686957044,0.0,0.031687044686957044,0.1280871786477178,0.06555556851771271,0.09531173909244917,-0.031687044686957044,0.06365663680455125,0.5000359858288563,3.0,2.1683345516447083,3.9908131171239534
0.27484303543765076,-0.045342021725991444,0.0028461850837580016,0.10013690349807458,-0.045342021725991444,0.045342021725991444,0.045342021725991444,-0.045342021725991444,0.0,0.045342021725991444,0.11164734727470282,0.060812936875519696,0.10113372114386543,-0.045342021725991444,0.058179362157500414,0.5053545381129654,3.0,2.21280550345,4.026095209121063
0.2990817480081809,-0.06319296742448621,0.0014882681211103588,0.11027952852546186,-0.06319296742448621,0.06319296742448621,0.06319296742448621,-0.06319296742448621,0.0,0.06319296742448621,0.09573957941374367,0.0499716797241172,0.10867733142041658,-0.06319296742448621,0.04935258855677116,0.5182142515127302,3.0,2.26216942235522,4.052386210528889
0.29070524456054336,-0.052770745327275215,0.00018987705794515364,0.10616905467723647,-0.052770745327275215,0.052770745327275215,0.052770745327275215,-0.052770745327275215,0.0,0.052770745327275215,0.09397289802050501,0.058782446900188745,0.10504371861044426,-0.052770745327275215,0.056522699489095274,0.5109968138693626,3.0,2.265393005302003,4.013812102015379
0.2764849210572784,-0.04876591500453209,0.0003794692913334785,0.10279614310224527,-0.04876591500453209,0.04876591500453209,0.04876591500453209,-0.04876591500453209,0.0,0.04876591500453209,0.11386594739707423,0.05726918964289851,0.10180754633101508,-0.04876591500453209,0.057777460428051874,0.5079972456126809,3.0,2.2162689492489456,4.024278074586728
0.2990804978135282,-0.06156187165623361,0.0025844966899351007,0.10771229299503648,-0.06156187165623361,0.06156187165623361,0.06156187165623361,-0.06156187165623361,0.0,0.06156187165623361,0.09579084776441782,0.05192102895948825,0.10714293623493987,-0.06156187165623361,0.051075378547578154,0.5158664005093554,3.0,2.2630411595620448,4.053273867574922
0.27656551570393884,-0.050245601741927715,0.0,0.1033529288131545,-0.050245601741927715,0.050245601741927715,0.050245601741927715,-0.050245601741927715,0.0003846608251025785,0.050245601741927715,0.11414210662551127,0.05721088892777626,0.10257869987879253,-0.050245601741927715,0.055733223744176996,0.5098895850815204,3.0,2.215632093767061,4.026263488331721
0.28948498200254846,-0.05278328345536121,0.0,0.10598484202491587,-0.05278328345536121,0.05278328345536121,0.05278328345536121,-0.05278328345536121,0.0014215585039716316,0.05278328345536121,0.09657803291450229,0.05815413576784856,0.10343520280417628,-0.05278328345536121,0.05638850929810335,0.5109480279973404,3.0,2.2665528353536706,4.013881956452864
0.28114485027373703,-0.053493732305829766,0.00216871286082565,0.10341304458574374,-0.053493732305829766,0.053493732305829766,0.053493732305829766,-0.053493732305829766,0.0,0.053493732305829766,0.1135639860285762,0.05508494822136001,0.10289551220827509,-0.053493732305829766,0.05492611483066234,0.5099085711546953,3.0,2.200559704848568,4.058387008102295
0.2880012515560031,-0.060313340571881646,0.000717873848248729,0.10830007490130189,-0.060313340571881646,0.060313340571881646,0.060313340571881646,-0.060313340571881646,0.0,0.060313340571881646,0.11173255202731092,0.05050125265658245,0.1069343500409099,-0.060313340571881646,0.04801833770876307,0.5157196556908072,3.0,2.2153636242753123,4.061572496769183
0.2870641623700916,-0.05674828743944005,0.0,0.10867613312721502,-0.05674828743944005,0.05674828743944005,0.05674828743944005,-0.05674828743944005,0.00042400343180570843,0.05674828743944005,0.10314558344948299,0.053845800034221014,0.10683075089427785,-0.05674828743944005,0.05235407826387384,0.5140197837265177,3.0,2.229181712388007,4.026354288811326
0.30217001758668705,-0.06755439703129174,0.002257872919015469,0.11011390432630641,-0.06755439703129174,0.06755439703129174,0.06755439703129174,-0.06755439703129174,0.0,0.06755439703129174,0.09997709535933552,0.04720166645401047,0.10898171451908834,-0.06755439703129174,0.04581148429790893,0.5206526494269852,3.0,2.2452187713476977,4.086649342611003
0.28721068391036475,-0.05768749789804417,0.0008929872783491888,0.10902503870722136,-0.05768749789804417,0.05768749789804417,0.05768749789804417,-0.05768749789804417,0.0,0.05768749789804417,0.10210834906565225,0.05210309524969592,0.1072823330448367,-0.05768749789804417,0.05264691050094861,0.516030107999021,3.0,2.22684834614547,4.028673491522543
0.28669008705204213,-0.0575259269718682,0.0,0.10867191125057474,-0.0575259269718682,0.0575259269718682,0.0575259269718682,-0.0575259269718682,0.0014484833334940106,0.0575259269718682,0.10363240965244724,0.054102090443691075,0.10655354873901413,-0.0575259269718682,0.05101419371958116,0.5150252106390694,3.0,2.2283911120934072,4.028108764329196
0.28594376663979926,-0.059056283596536474,0.002379484132532639,0.10865502318369114,-0.059056283596536474,0.059056283596536474,0.059056283596536474,-0.059056283596536474,0.0,0.059056283596536474,0.10577349204999376,0.05069712423106143,0.10707449174815409,-0.059056283596536474,0.05162567772959292,0.5165192317397569,3.0,2.2270579456689408,4.029885940186822
0.28497690570013123,-0.057023006771058427,0.004246597732845636,0.10693199791651509,-0.057023006771058427,0.057023006771058427,0.057023006771058427,-0.057023006771058427,0.0,0.057023006771058427,0.10454062755576121,0.05294812676597349,0.10648557435336059,-0.057023006771058427,0.05249801913246532,0.5140071654720515,3.0,2.2262711526093546,4.032876334391762
0.28633469606580597,-0.06203575036320608,0.0018923311608869398,0.11055421916073715,-0.06203575036320608,0.06203575036320608,0.06203575036320608,-0.06203575036320608,0.0,0.06203575036320608,0.10633899023905435,0.04993755540740441,0.10940736116299288,-0.06203575036320608,0.04895024876881404,0.518232356255556,3.0,2.226835319349791,4.032878658991791
0.2893883186686539,-0.055697090532468074,9.4751158156825e-5,0.10838629598674032,-0.055697090532468074,0.055697090532468074,0.055697090532468074,-0.055697090532468074,0.0,0.055697090532468074,0.0981414593767056,0.05589937007782542,0.10571078316868743,-0.055697090532468074,0.055461762984870155,0.5122263569688741,3.0,2.2639296263495408,4.016358407448707
0.2562517142757246,-0.03837251394050245,0.0044850396904676515,0.09623832877700433,-0.03837251394050245,0.03837251394050245,0.03837251394050245,-0.03837251394050245,0.0,0.03837251394050245,0.1306922917225828,0.059172486282562886,0.09678145177977093,-0.03837251394050245,0.059490570979941815,0.5048726382904931,3.0,2.1557544331307845,4.029257947838991
0.2869290715243711,-0.062478473589083094,0.0024111724706230575,0.10973538656174942,-0.062478473589083094,0.062478473589083094,0.062478473589083094,-0.062478473589083094,0.0,0.062478473589083094,0.11207919449114456,0.048016425907650095,0.1076184305609349,-0.062478473589083094,0.04708680345739147,0.5182139964732642,3.0,2.2124914547336383,4.063723185269451
0.275432684593496,-0.04868771556565221,0.0014738845305943826,0.10315664653759793,-0.04868771556565221,0.04868771556565221,0.04868771556565221,-0.04868771556565221,0.0,0.04868771556565221,0.11201838463468317,0.05817689149697536,0.10199981706753913,-0.04868771556565221,0.057807477253914996,0.5082339373088969,3.0,2.212915591177374,4.024067348439852
0.2778365204223787,-0.05410828105486232,0.004161815379485567,0.1038045409503594,-0.05410828105486232,0.05410828105486232,0.05410828105486232,-0.05410828105486232,0.0,0.05410828105486232,0.1168140686278667,0.0528687208688261,0.10352182017544642,-0.05410828105486232,0.05243576816237283,0.5122770343261722,3.0,2.196526478401898,4.061989810005473
0.25176249337364087,-0.032638913826201765,0.0018796359163930632,0.09668006307876009,-0.032638913826201765,0.032638913826201765,0.032638913826201765,-0.032638913826201765,0.0,0.032638913826201765,0.12748059438794712,0.06348475032374079,0.09623401243219476,-0.032638913826201765,0.06285631566721861,0.5018730565043521,3.0,2.167410979170092,3.9955958244613257
0.27661319740386237,-0.050788542453741314,0.0002087215531068054,0.10507392963108675,-0.050788542453741314,0.050788542453741314,0.050788542453741314,-0.050788542453741314,0.0,0.050788542453741314,0.11286296062951706,0.05715869389056838,0.10327218874058008,-0.050788542453741314,0.05556079835539851,0.509650060107667,3.0,2.213610042629732,4.0265015418387575
0.3027262098825645,-0.06837204331971503,0.004184963339628034,0.10877243055375097,-0.06837204331971503,0.06837204331971503,0.06837204331971503,-0.06837204331971503,0.0,0.06837204331971503,0.10131820522786761,0.04506817118466966,0.10784374745380543,-0.06837204331971503,0.04652996067989079,0.5215403628555837,3.0,2.2470563180201735,4.088706616559734
0.28823832993934584,-0.06252326460799829,0.001443801551700652,0.10846995993165987,-0.06252326460799829,0.06252326460799829,0.06252326460799829,-0.06252326460799829,0.0,0.06252326460799829,0.11433583470542175,0.04671542519209115,0.10711477920568502,-0.06252326460799829,0.04754968128430459,0.5182674606558351,3.0,2.21506075884235,4.065446723559975
0.29830037333027626,-0.0628533868893788,0.0008228936288672273,0.10937746569360485,-0.0628533868893788,0.0628533868893788,0.0628533868893788,-0.0628533868893788,0.0,0.0628533868893788,0.09987617047811526,0.04869406809940191,0.10720011853085243,-0.0628533868893788,0.0503903701559274,0.5178039348303791,3.0,2.2621814388889967,4.0521742833184655
0.2778676794960475,-0.05434714354407877,0.00380991256906249,0.10296596211196896,-0.05434714354407877,0.05434714354407877,0.05434714354407877,-0.05434714354407877,0.0,0.05434714354407877,0.11869404753680879,0.053216697157393966,0.1023097971088438,-0.05434714354407877,0.05308685124411561,0.5120082041778833,3.0,2.1965263400520745,4.0628137612805535
0.27362122178954795,-0.04741996302843621,0.0025370861907312303,0.10194692457364862,-0.04741996302843621,0.04741996302843621,0.04741996302843621,-0.04741996302843621,0.0,0.04741996302843621,0.11359268772235964,0.058485121267903395,0.10008250197592528,-0.04741996302843621,0.05795102655793016,0.5088154008084356,3.0,2.211424674527565,4.026532216091879
0.2512857180351986,-0.034347123031899685,0.0,0.09706788149827172,-0.034347123031899685,0.034347123031899685,0.034347123031899685,-0.034347123031899685,0.0010251312004090352,0.034347123031899685,0.13271759100388358,0.06305220942604084,0.09541380217058482,-0.034347123031899685,0.06137668317088085,0.5020201143846759,3.0,2.168179928508,3.996054838880237
0.29889305622983375,-0.06904081401072926,0.0039083573661020665,0.10835722176956253,-0.06904081401072926,0.06904081401072926,0.06904081401072926,-0.06904081401072926,0.0,0.06904081401072926,0.11120359279749348,0.04370085624544373,0.10703107240810983,-0.06904081401072926,0.043877862840211,0.5216808022120185,3.0,2.2196374549623994,4.119128629025051
0.28107809863719524,-0.05514113078004268,0.0026741447690019626,0.10443371993647599,-0.05514113078004268,0.05514113078004268,0.05514113078004268,-0.05514113078004268,0.0,0.05514113078004268,0.11381939522089368,0.053116867566913584,0.10323190392009707,-0.05514113078004268,0.054463415736740295,0.5119355928507705,3.0,2.199369395712467,4.059698123401098
0.28855185139345885,-0.0620324193263615,0.00038955413558205976,0.10931355934773013,-0.0620324193263615,0.0620324193263615,0.0620324193263615,-0.0620324193263615,0.0,0.0620324193263615,0.1135161885937741,0.04794342400864782,0.10748403302380272,-0.0620324193263615,0.04737494708012502,0.5170708696012865,3.0,2.214308582335361,4.063382225544925
0.2564867528758388,-0.04076339243654914,0.0015088459057377435,0.09905778996180903,-0.04076339243654914,0.04076339243654914,0.04076339243654914,-0.04076339243654914,0.0,0.04076339243654914,0.13309374952036812,0.05853771242558903,0.09751505447521058,-0.04076339243654914,0.057700435614740364,0.5064750595153011,3.0,2.154001637532354,4.029600377834524
0.30301030603118395,-0.013138057934257041,0.0,0.101929532762421,-0.013138057934257041,0.013138057934257041,0.013138057934257041,-0.013138057934257041,0.000873332558400719,0.013138057934257041,0.04375368916082856,0.015581766779045658,0.09997143884440973,-0.013138057934257041,0.0140089935401706,0.6036210061158425,4.0,2.8329406506651833,3.4739028456640106
0.281259454429736,-0.002278741502617976,0.0,0.10033656832352467,-0.002278741502617976,0.002278741502617976,0.002278741502617976,-0.002278741502617976,0.0015979786476965074,0.002278741502617976,0.057742436262164354,0.015524602223133677,0.09870056245631265,-0.002278741502617976,0.014220121584126666,0.6025090254339691,4.0,2.7964134545675594,3.4375338649206237
0.2792083721929872,-0.007576979542945672,0.0,0.10303127654590938,-0.007576979542945672,0.007576979542945672,0.007576979542945672,-0.007576979542945672,0.0014728196246069913,0.007576979542945672,0.06341453027327137,0.011525215124769339,0.10123255360510708,-0.007576979542945672,0.010672345371663283,0.6066318746626767,4.0,2.7658243584363995,3.4560200926540143
0.3091413414666908,-0.024018272545086816,0.0007412436345486384,0.10658030639206029,-0.024018272545086816,0.024018272545086816,0.024018272545086816,-0.024018272545086816,0.0,0.024018272545086816,0.04348789284392485,0.009834079010720309,0.10471732646723897,-0.024018272545086816,0.009117271407574457,0.6100108191803741,4.0,2.810466354904648,3.499978767740852
0.30042979150813753,-0.019933663751060315,0.0,0.10479306572769964,-0.019933663751060315,0.019933663751060315,0.019933663751060315,-0.019933663751060315,0.0018997857457385692,0.019933663751060315,0.05126655188765383,0.010492251163602084,0.1023190351557961,-0.019933663751060315,0.008977966176037633,0.6093672242444406,4.0,2.7996275106632518,3.493562421440057
0.31098212837163164,-0.01795009290601879,0.0,0.10314913592055852,-0.01795009290601879,0.01795009290601879,0.01795009290601879,-0.01795009290601879,0.0033374264690078093,0.01795009290601879,0.03552920765996603,0.015366766791484743,0.10093793859543077,-0.01795009290601879,0.013068704962921451,0.6051907919930635,4.0,2.844960596467499,3.4776301098550264
0.3133053121134459,-0.024111300354684673,0.001348264964190271,0.10621077655476885,-0.024111300354684673,0.024111300354684673,0.024111300354684673,-0.024111300354684673,0.0,0.024111300354684673,0.03872236864844414,0.010221468388130539,0.10440292440677368,-0.024111300354684673,0.009919104399576995,0.6095930887373999,4.0,2.8409974803986793,3.480933045172063
0.3021404335566107,-0.02123011346148651,0.0003828122407050216,0.10534104901290853,-0.02123011346148651,0.02123011346148651,0.02123011346148651,-0.02123011346148651,0.0,0.02123011346148651,0.051336427905465776,0.008926651520662965,0.1029102406432596,-0.02123011346148651,0.009312085967992267,0.6104924204719273,4.0,2.7995640394645593,3.4948250429056675
0.30874661446315343,-0.02366895423629245,0.0024857960393198653,0.10545526997146659,-0.02366895423629245,0.02366895423629245,0.02366895423629245,-0.02366895423629245,0.0,0.02366895423629245,0.04515917286550497,0.008763948929853882,0.10392863826301202,-0.02366895423629245,0.008815572889863788,0.6099259486721635,4.0,2.809291374095406,3.503242277790498
0.3229717840815507,-0.03432739492322856,0.0007664031525171922,0.10876582765518528,-0.03432739492322856,0.03432739492322856,0.03432739492322856,-0.03432739492322856,0.0,0.03432739492322856,0.04058808381159196,0.004354858724391342,0.10659440194278336,-0.03432739492322856,0.0037333731112543234,0.6161646703020001,4.0,2.8366503734441264,3.52835850667469
0.3238203816655876,-0.025386981234750472,0.0,0.10490409678419876,-0.025386981234750472,0.025386981234750472,0.025386981234750472,-0.025386981234750472,0.000402188048124863,0.025386981234750472,0.03308364774913297,0.010930725021128573,0.10288272221067274,-0.025386981234750472,0.010369423120987875,0.6086058044929628,4.0,2.8714721462727413,3.506360694541007
0.3022900213185924,-0.023559820081843874,0.0,0.10564846568791442,-0.023559820081843874,0.023559820081843874,0.023559820081843874,-0.023559820081843874,0.0001449035789740094,0.023559820081843874,0.05328708070646737,0.008065845986067188,0.10419561855438086,-0.023559820081843874,0.008564159793657211,0.6109757323138361,4.0,2.7990985923008194,3.4947264253621784
0.3076674443653058,-0.026312440324583797,0.0022873461001138296,0.10735593852648861,-0.026312440324583797,0.026312440324583797,0.026312440324583797,-0.026312440324583797,0.0,0.026312440324583797,0.04715422512857881,0.007671084029599484,0.10512555045591743,-0.026312440324583797,0.007293014620308291,0.6113698449563172,4.0,2.806459650313089,3.5015557677447533
0.27912718927247937,-0.01033367766944604,0.0,0.10434687612174454,-0.01033367766944604,0.01033367766944604,0.01033367766944604,-0.01033367766944604,0.0013987877364805001,0.01033367766944604,0.06781245474221098,0.007685257475715801,0.10174754560391985,-0.01033367766944604,0.00872302849745843,0.6091045460774822,4.0,2.7610488175235064,3.4581713604043944
0.30037117929650314,-0.013541042266042247,0.0,0.10222410262084214,-0.013541042266042247,0.013541042266042247,0.013541042266042247,-0.013541042266042247,0.0021574025681871944,0.013541042266042247,0.04757753151270894,0.013741222354022753,0.09910844847416289,-0.013541042266042247,0.013881352055991059,0.6040918112416698,4.0,2.8297634280824346,3.4735312000043157
0.31593497575944696,-0.03581222271105222,0.0019419643623317384,0.10870155973649531,-0.03581222271105222,0.03581222271105222,0.03581222271105222,-0.03581222271105222,0.0,0.03581222271105222,0.04786142927351378,0.0030223170529248833,0.10716865943115028,-0.03581222271105222,0.0035739883410101925,0.6172193366122247,4.0,2.7983605202684627,3.5444009356720687
0.31464033633052413,-0.035676173658502286,0.0,0.10993750983843498,-0.035676173658502286,0.035676173658502286,0.035676173658502286,-0.035676173658502286,0.00022209819323748548,0.035676173658502286,0.05211725814963675,0.0016107457980165663,0.10729271562181886,-0.035676173658502286,0.0018695569139044466,0.6175979606709747,4.0,2.797478029311455,3.54268340491214
0.32209456064148956,-0.03191125509741344,0.0,0.10727556717521658,-0.03191125509741344,0.03191125509741344,0.03191125509741344,-0.03191125509741344,0.0013197094056245362,0.03191125509741344,0.039233884658497864,0.006913608937674454,0.10574365938921382,-0.03191125509741344,0.006410051530565397,0.6125322212171769,4.0,2.839998864428208,3.525882670967205
0.31305174703783045,-0.033833569356121806,0.0023267295917959174,0.1084343918193138,-0.033833569356121806,0.033833569356121806,0.033833569356121806,-0.033833569356121806,0.0,0.033833569356121806,0.05061623464228493,0.003499003650617283,0.10675936461479107,-0.033833569356121806,0.0030055569385902814,0.6157525489189437,4.0,2.794308279886118,3.5439592614950532
0.30836413875243185,-0.02505815315025206,0.0008756994338261492,0.10725396277031596,-0.02505815315025206,0.02505815315025206,0.02505815315025206,-0.02505815315025206,0.0,0.02505815315025206,0.046321117959750246,0.007606995640246694,0.10543410941074072,-0.02505815315025206,0.0070944434713107185,0.6117196935696754,4.0,2.808546092949152,3.5020089425258356
0.30047009138151726,-0.01961155785259905,0.0,0.10416260381889852,-0.01961155785259905,0.01961155785259905,0.01961155785259905,-0.01961155785259905,0.0021197908421264344,0.01961155785259905,0.05338571660624947,0.009638747899983535,0.10194134327535576,-0.01961155785259905,0.009511645155188653,0.6079936267313251,4.0,2.7984689082691316,3.4959160291426423
0.29674730821328765,-0.001686520623638721,6.642954113011967e-6,0.10144739389258817,-0.001686520623638721,0.001686520623638721,0.001686520623638721,-0.001686520623638721,0.0,0.001686520623638721,0.03364426938641696,0.02089049295536327,0.09950469919851113,-0.001686520623638721,0.019303723478434343,0.5997539984029698,4.0,2.8688111730944152,3.4027070938054544
0.2739271565812862,0.0003637819783168794,0.0,0.10826718747198871,0.0,0.009763261289225333,0.0,-0.009763261289225333,0.0003637819783168794,-0.0003637819783168794,0.053606682868228894,0.010661558256088277,0.10616217543267137,-0.009763261289225333,0.009103164538575292,0.6172835620201154,4.0,2.810051594195331,3.397860153569351
0.30328790142316553,-0.006134289467012444,0.0017770375593482157,0.09903068262346792,-0.006134289467012444,0.006134289467012444,0.006134289467012444,-0.006134289467012444,0.0,0.006134289467012444,0.03492119892746004,0.019883316639766058,0.09905436511725796,-0.006134289467012444,0.018344599657916127,0.5994471953766762,4.0,2.8574287312955735,3.444254903282378
0.3177179419770626,-0.01781413292075218,0.00025686969356097933,0.1043771406750329,-0.01781413292075218,0.01781413292075218,0.01781413292075218,-0.01781413292075218,0.0,0.01781413292075218,0.027824697830995504,0.015131519089689682,0.10233323330068345,-0.01781413292075218,0.012891501589580301,0.6068932366221924,4.0,2.8869412920187782,3.466166260654092
0.31711208802457946,-0.010509498741644308,0.0,0.10121881020847745,-0.010509498741644308,0.010509498741644308,0.010509498741644308,-0.010509498741644308,0.0009387337958441933,0.010509498741644308,0.018866212791567527,0.02317459349701778,0.09973826497956662,-0.010509498741644308,0.019940965372506447,0.5991318379301305,4.0,2.9087674633875014,3.433334789967018
0.27540109069400476,0.0002931733598039443,0.0,0.10512964669742697,0.0,0.006856850106626844,0.0,-0.006856850106626844,0.0002931733598039443,-0.0002931733598039443,0.05520774822810459,0.01151916939793729,0.10473322856655276,-0.006856850106626844,0.010278435649691886,0.6139063653711503,4.0,2.811506299086078,3.4004917874971468
0.30419504195220615,-0.00932036587566909,0.0012718638748667743,0.1025806407019525,-0.00932036587566909,0.00932036587566909,0.00932036587566909,-0.00932036587566909,0.0,0.00932036587566909,0.03503689308008262,0.015515230573670102,0.10125667679169048,-0.00932036587566909,0.015382825075235473,0.6036932016840106,4.0,2.8620702601486645,3.440444631196056
0.2746404953836503,0.0018302707248301076,0.0,0.10356388199057154,0.0,0.004581925456057512,0.0,-0.004581925456057512,0.0018302707248301076,-0.0018302707248301076,0.05433493488894392,0.014393102947652281,0.10378085973584472,-0.004581925456057512,0.011162433735441013,0.6104879539071693,4.0,2.809855277929,3.4010009375422485
0.2947457092489083,0.0005396574084066685,0.0,0.10002631822476804,0.0,0.0,0.0,0.0,0.0024677581012291228,-0.0005396574084066685,0.033032734829500754,0.022501335586134985,0.09803815182500575,0.0,0.020174149117393014,0.5986258509251057,4.0,2.8691460813713197,3.4008929197751003
0.30146257004754684,-0.011001465772236152,0.0011793548997829362,0.10262300865237428,-0.011001465772236152,0.011001465772236152,0.011001465772236152,-0.011001465772236152,0.0,0.011001465772236152,0.04262967057820344,0.012972572649729841,0.10072358062110709,-0.011001465772236152,0.014578741669684092,0.6044439745118533,4.0,2.834226566214716,3.467865264605004
0.29960402088864146,-0.01218736515023,0.0,0.1037769657462917,-0.01218736515023,0.01218736515023,0.01218736515023,-0.01218736515023,0.000660842383934046,0.01218736515023,0.046273757356942724,0.01293700406739795,0.10089159412784898,-0.01218736515023,0.011588385958298808,0.60606680247892,4.0,2.8319599090384,3.4659423012091217
0.30643966088766916,-0.011158981440715365,0.0,0.10404106886133846,-0.011158981440715365,0.011158981440715365,0.011158981440715365,-0.011158981440715365,0.001717243032867799,0.011158981440715365,0.03136940209556638,0.01667482262685649,0.10184287877802944,-0.011158981440715365,0.015200184943018336,0.6034857280734149,4.0,2.8630229620295244,3.4369470918182574
0.32048971304577023,-0.022794530894717724,0.0009507813335440929,0.1048180664401146,-0.022794530894717724,0.022794530894717724,0.022794530894717724,-0.022794530894717724,0.0,0.022794530894717724,0.03221829685739763,0.011065184686474439,0.10273181681201926,-0.022794530894717724,0.01067893214653548,0.6094537474309076,4.0,2.8676041747991063,3.500278150196825
0.3146298612043843,-0.01656291335039306,1.0296978164348047e-5,0.10503130590749343,-0.01656291335039306,0.01656291335039306,0.01656291335039306,-0.01656291335039306,0.0,0.01656291335039306,0.02712513710556319,0.01553152401317437,0.10313592893916912,-0.01656291335039306,0.015557684815520112,0.6051531822449698,4.0,2.8680860579749954,3.448244375941241
0.30526621767627304,-0.011013561335776245,0.0,0.10264180788809618,-0.011013561335776245,0.011013561335776245,0.011013561335776245,-0.011013561335776245,0.0031202473534142072,0.011013561335776245,0.03141131113827189,0.0199442427537182,0.09943813578288552,-0.011013561335776245,0.017460523036683107,0.6013430835644797,4.0,2.855546695893315,3.4412461895832673
0.30655255448052365,-0.013656355729030345,0.000847152574394272,0.10346204855420194,-0.013656355729030345,0.013656355729030345,0.013656355729030345,-0.013656355729030345,0.0,0.013656355729030345,0.035042608069285386,0.01593188672265633,0.1011125052636066,-0.013656355729030345,0.016588480797786076,0.6037311271246217,4.0,2.8547052800123427,3.443612411273532
0.312595420237078,-0.01652511340842988,0.002525814125935888,0.10403162307226399,-0.01652511340842988,0.01652511340842988,0.01652511340842988,-0.01652511340842988,0.0,0.01652511340842988,0.03028439306342179,0.01447556607356848,0.10266176782342562,-0.01652511340842988,0.015481014052024733,0.604081522818757,4.0,2.866058361437402,3.451812935080974
0.30714566276209077,-0.017030707696030767,0.0006897426190128897,0.10653672399905556,-0.017030707696030767,0.017030707696030767,0.017030707696030767,-0.017030707696030767,0.0,0.017030707696030767,0.03587547328094942,0.011972288495685213,0.10500650544003687,-0.017030707696030767,0.011292160572300425,0.6081241583849453,4.0,2.8584081085381334,3.44199449855829
0.31668367721340474,-0.01398100013176684,0.0,0.10407846004157317,-0.01398100013176684,0.01398100013176684,0.01398100013176684,-0.01398100013176684,0.0006755258188109181,0.01398100013176684,0.022888161206605417,0.017781698341256202,0.10105397395833116,-0.01398100013176684,0.018475344661767146,0.6019561667480637,4.0,2.9061658928234206,3.435595643923984
0.2996436006953074,-0.009186368201038242,0.0034313054579433455,0.09962880765948068,-0.009186368201038242,0.009186368201038242,0.009186368201038242,-0.009186368201038242,0.0,0.009186368201038242,0.043757030812876074,0.013545348158132242,0.09940020955636975,-0.009186368201038242,0.015277132578270347,0.6041149411407041,4.0,2.8316841581368575,3.4693288682077865
0.3202848794112869,-0.025021766265466816,0.001350878174735115,0.10580576262542607,-0.025021766265466816,0.025021766265466816,0.025021766265466816,-0.025021766265466816,0.0,0.025021766265466816,0.034148426638373586,0.009518448492672249,0.10324156479432212,-0.025021766265466816,0.00937260471761725,0.6109112092690792,4.0,2.866413700325913,3.5002179040256203
0.31813228179457465,-0.016841588015691578,0.00023786768247546775,0.10287361110560944,-0.016841588015691578,0.016841588015691578,0.016841588015691578,-0.016841588015691578,0.0,0.016841588015691578,0.02774890383516304,0.01581247672197783,0.10140776685973663,-0.016841588015691578,0.015818838443413696,0.6044218494307865,4.0,2.8874103283391217,3.4656327917914953
0.3190888146389357,-0.022473322024741726,0.003340981926687192,0.10363328898960589,-0.022473322024741726,0.022473322024741726,0.022473322024741726,-0.022473322024741726,0.0,0.022473322024741726,0.03316771296235288,0.010607651487339886,0.10277011820515014,-0.022473322024741726,0.010900160766156297,0.6085766009065594,4.0,2.865501558708691,3.5027716398009203
0.3034456955247897,-0.007918093023024042,0.0016459686043441835,0.10180142532977943,-0.007918093023024042,0.007918093023024042,0.007918093023024042,-0.007918093023024042,0.0,0.007918093023024042,0.034767490602782836,0.016045829896952135,0.10115308439576154,-0.007918093023024042,0.016605338951054094,0.6020652675756057,4.0,2.860067183824837,3.441023763332111
0.31841163177935616,-0.018342413005141722,0.0,0.10428504022143681,-0.018342413005141722,0.018342413005141722,0.018342413005141722,-0.018342413005141722,0.00027844900577367326,0.018342413005141722,0.027842701269549686,0.015826981893528824,0.1025911066590659,-0.018342413005141722,0.014188189341218127,0.6045303206932582,4.0,2.886051510854824,3.4672344470565712
0.321415898224358,-0.024652661010581056,0.0021758484603608963,0.10399818693757101,-0.024652661010581056,0.024652661010581056,0.024652661010581056,-0.024652661010581056,0.0,0.024652661010581056,0.03414170009507789,0.009764787053911483,0.10217634016975286,-0.024652661010581056,0.011584574279681625,0.6090073336479129,4.0,2.869347838711024,3.503203305222164
0.30069699407578376,-0.014565282182627648,0.0,0.103927398481928,-0.014565282182627648,0.014565282182627648,0.014565282182627648,-0.014565282182627648,0.00037278954623243266,0.014565282182627648,0.048849920976138606,0.01025698338342984,0.10138851171094743,-0.014565282182627648,0.01164434502595757,0.6070403468402557,4.0,2.8310000410019116,3.4688944776876114
0.31731849624177944,-0.017409852948976123,0.0,0.10335460060263646,-0.017409852948976123,0.017409852948976123,0.017409852948976123,-0.017409852948976123,0.001240519190133682,0.017409852948976123,0.030355711914799244,0.013898847659115532,0.10050427356502833,-0.017409852948976123,0.01567966338504867,0.6046697482484804,4.0,2.887772920708352,3.466657002129142
0.29885261259051,-0.013061587462568802,0.00200971434190933,0.10286091952930487,-0.013061587462568802,0.013061587462568802,0.013061587462568802,-0.013061587462568802,0.0,0.013061587462568802,0.04842646944851303,0.011047351676439554,0.10114971831239661,-0.013061587462568802,0.012444388570698628,0.6058824208508424,4.0,2.8277004453016192,3.470760628062171
0.30274918622370794,-0.009605303248195085,0.0011959754522834487,0.10112933984799977,-0.009605303248195085,0.009605303248195085,0.009605303248195085,-0.009605303248195085,0.0,0.009605303248195085,0.03778715447549974,0.018128279305311246,0.09950166741244271,-0.009605303248195085,0.018076650367759406,0.6006490580212365,4.0,2.854202510271772,3.4448030991187406
0.2736542464746021,0.0026886532524814655,0.0,0.1029358300148111,0.0,0.004725642014280496,0.0,-0.004725642014280496,0.0026886532524814655,-0.0026886532524814655,0.05672739073989064,0.013627580412617135,0.1035145269657125,-0.004725642014280496,0.010633241931646609,0.6105561800805646,4.0,2.8074241381888267,3.4016397467507242
0.330703257075438,-0.033306147261617625,0.002507392569120803,0.10540337571402869,-0.033306147261617625,0.033306147261617625,0.033306147261617625,-0.033306147261617625,0.0,0.033306147261617625,0.03569236395474995,0.004591250965331639,0.10329448710433731,-0.033306147261617625,0.005937406096273357,0.6147886216403835,4.0,2.8691639393162296,3.555911464379833
0.3225036853931247,-0.02388217294434991,0.001392814307373591,0.10388532139473483,-0.02388217294434991,0.02388217294434991,0.02388217294434991,-0.02388217294434991,0.0,0.02388217294434991,0.030995071969260657,0.011560123397826416,0.10268568046772675,-0.02388217294434991,0.012529838215763256,0.6079416456565854,4.0,2.869765237235211,3.5015138019826915
0.3210858014502014,-0.023826460752153444,0.0,0.10487644924495676,-0.023826460752153444,0.023826460752153444,0.023826460752153444,-0.023826460752153444,0.0016139284993688108,0.023826460752153444,0.03399823414576808,0.010993803912939804,0.1021618663392978,-0.023826460752153444,0.011075925723445401,0.607632459294221,4.0,2.8683854738749948,3.4998315485146776
0.3001190106976095,-0.012209587657705079,0.0006462290029274342,0.10258250613262287,-0.012209587657705079,0.012209587657705079,0.012209587657705079,-0.012209587657705079,0.0,0.012209587657705079,0.04630513839543493,0.01279041655463331,0.10145074144038269,-0.012209587657705079,0.012520533206948237,0.6054070200851918,4.0,2.8281337269056825,3.4689339073603653
0.3208299355308899,-0.016937338150909476,0.0005012270017390463,0.10158315176994215,-0.016937338150909476,0.016937338150909476,0.016937338150909476,-0.016937338150909476,0.0,0.016937338150909476,0.028305430106911444,0.015939970276240167,0.10047769197136969,-0.016937338150909476,0.014949516669076957,0.6039624226827858,4.0,2.897792495106692,3.475255738182155
0.280745761158089,0.00017628600331320854,0.0,0.1014244435613687,0.0,0.0012327561868028525,0.0,-0.0012327561868028525,0.00017628600331320854,-0.00017628600331320854,0.057291244229330296,0.01317580076032332,0.09991581911270941,-0.0012327561868028525,0.012930459397913374,0.6051849498218012,4.0,2.7997490000972074,3.432585155216184
0.3016668154708988,-0.009755211849918233,0.002710170747842966,0.09908787709324596,-0.009755211849918233,0.009755211849918233,0.009755211849918233,-0.009755211849918233,0.0,0.009755211849918233,0.04265960405457747,0.016612762707088002,0.10011856807093888,-0.009755211849918233,0.014234896549335296,0.6022765250140365,4.0,2.8339767564207152,3.4712880613857537
0.3240614769410275,-0.024861385229280053,2.5544864197257766e-5,0.10546934285134046,-0.024861385229280053,0.024861385229280053,0.024861385229280053,-0.024861385229280053,0.0,0.024861385229280053,0.03210379080116166,0.009397752752576594,0.10376724810832005,-0.024861385229280053,0.00791323843789904,0.6117349983308031,4.0,2.874357243802265,3.502595459684457
0.319796267712543,-0.01327533190591268,0.0,0.09997373524503939,-0.01327533190591268,0.01327533190591268,0.01327533190591268,-0.01327533190591268,0.0008914549847434117,0.01327533190591268,0.02683516629554994,0.018375656798071738,0.09859867111455323,-0.01327533190591268,0.016120072692263676,0.602296314921194,4.0,2.8996663852556437,3.474494467437281
0.3020655832208794,-0.014060820096167603,0.0,0.10268305868412941,-0.014060820096167603,0.014060820096167603,0.014060820096167603,-0.014060820096167603,0.000740151252708543,0.014060820096167603,0.046068207317110144,0.012878398209484665,0.10142008770300937,-0.014060820096167603,0.012756091130239788,0.6050612504366519,4.0,2.835018334640596,3.469378612861769
0.32296312839291463,-0.02513417522076722,0.0014826891349466464,0.10469068390439418,-0.02513417522076722,0.02513417522076722,0.02513417522076722,-0.02513417522076722,0.0,0.02513417522076722,0.031571621462662236,0.010987397662026055,0.10346998489567749,-0.02513417522076722,0.010286132459975228,0.6092945451662164,4.0,2.8718848743010867,3.5011663411499754
0.30204124669635046,-0.014433365946551646,0.0,0.10193641559824673,-0.014433365946551646,0.014433365946551646,0.014433365946551646,-0.014433365946551646,0.0019003065157239263,0.014433365946551646,0.0463772955300934,0.01269113493070595,0.10078585720941025,-0.014433365946551646,0.011331530847297877,0.6069815864767687,4.0,2.8344619324381477,3.471786426901842
0.317887809975268,-0.013828862406334075,0.0,0.09994315276288557,-0.013828862406334075,0.013828862406334075,0.013828862406334075,-0.013828862406334075,0.003015838539496052,0.013828862406334075,0.02850904070609328,0.018371431869254273,0.0969822319028637,-0.013828862406334075,0.016928441083905454,0.6018029234246134,4.0,2.8981946504476053,3.473470492059199
0.30190101746756515,-0.01881158314245468,0.0018579035731125515,0.10432189570600148,-0.01881158314245468,0.01881158314245468,0.01881158314245468,-0.01881158314245468,0.0,0.01881158314245468,0.047174992373848035,0.010671506771754657,0.1033626004049486,-0.01881158314245468,0.01116473940506868,0.6079689352982012,4.0,2.803412832779975,3.4911737610397715
0.30813195896845613,-0.023561005269206348,0.0,0.10704665252310086,-0.023561005269206348,0.023561005269206348,0.023561005269206348,-0.023561005269206348,0.00036684768204064966,0.023561005269206348,0.04658052277026492,0.00794489349646188,0.10538242776529483,-0.023561005269206348,0.00626186025951192,0.6114578496621208,4.0,2.814657357422916,3.4966947502222343
0.31111184503089895,-0.01731956992716377,0.0,0.10407467296530548,-0.01731956992716377,0.01731956992716377,0.01731956992716377,-0.01731956992716377,0.0018204154654171134,0.01731956992716377,0.03568474882959283,0.013830639523827237,0.10209132461179671,-0.01731956992716377,0.012539054779375114,0.605778876578996,4.0,2.848041497526261,3.473460260620643
0.32186231553133116,-0.030208342636004915,0.001153362955490067,0.10696820522554429,-0.030208342636004915,0.030208342636004915,0.030208342636004915,-0.030208342636004915,0.0,0.030208342636004915,0.037142555488694384,0.007133777629929838,0.10554284832410321,-0.030208342636004915,0.0061159479337611344,0.6139013374051965,4.0,2.840337567683229,3.523207766153382
0.3124609761995858,-0.01901013699688736,0.00011274140862038706,0.10524046956491251,-0.01901013699688736,0.01901013699688736,0.01901013699688736,-0.01901013699688736,0.0,0.01901013699688736,0.035352058004422204,0.012444634411397537,0.10299784821323499,-0.01901013699688736,0.01217480076907762,0.607838616283682,4.0,2.8453554740171376,3.4750613116112468
0.31123224862079724,-0.01800035889344631,0.0,0.10382926007876403,-0.01800035889344631,0.01800035889344631,0.01800035889344631,-0.01800035889344631,0.0024859796892409136,0.01800035889344631,0.03714020337063406,0.012671113405473555,0.10150124703322128,-0.01800035889344631,0.011645719409093758,0.6071065951442671,4.0,2.8469806000683264,3.4761021439744573
0.31188403942990295,-0.022102658552551446,0.0017559133832723006,0.10555338112296742,-0.022102658552551446,0.022102658552551446,0.022102658552551446,-0.022102658552551446,0.0,0.022102658552551446,0.03806370390575786,0.009814689041602875,0.1037763326119494,-0.022102658552551446,0.010657015865985997,0.6102095910491583,4.0,2.843996180977866,3.4762314417931366
0.3108977534856576,-0.020218391888197296,0.003599226790642618,0.10482846453800043,-0.020218391888197296,0.020218391888197296,0.020218391888197296,-0.020218391888197296,0.0,0.020218391888197296,0.03676309954138013,0.011439472697012398,0.10296246873369519,-0.020218391888197296,0.011554022812860332,0.6077858911469942,4.0,2.842273493031916,3.478327147950094
0.31347516868191416,-0.024125128780523752,0.0007731190585476,0.10645585923852607,-0.024125128780523752,0.024125128780523752,0.024125128780523752,-0.024125128780523752,0.0,0.024125128780523752,0.03904275939146018,0.008965557880184605,0.1051067608214824,-0.024125128780523752,0.00823639023882361,0.6116815213276308,4.0,2.844031967329049,3.4794744255804884
0.31967189535535123,-0.01723350521518352,0.0,0.102517866838987,-0.01723350521518352,0.01723350521518352,0.01723350521518352,-0.01723350521518352,0.00011353934026825385,0.01723350521518352,0.030375042132229524,0.01529061094494466,0.10006743748365476,-0.01723350521518352,0.014208980825192619,0.6046001401526011,4.0,2.89659171262255,3.4764510109571716
0.2792219003072658,-0.006352736445574436,0.003787321417660472,0.10170658140768474,-0.006352736445574436,0.006352736445574436,0.006352736445574436,-0.006352736445574436,0.0,0.006352736445574436,0.06127962767724515,0.010138857487549835,0.10071251239217016,-0.006352736445574436,0.011914262112071583,0.6072036815019723,4.0,2.765819020495818,3.4567179287372207
0.3087943584861401,-0.025916968133656404,0.0008734127156113658,0.10826420279693139,-0.025916968133656404,0.025916968133656404,0.025916968133656404,-0.025916968133656404,0.0,0.025916968133656404,0.04660208235093055,0.00525817707662668,0.10551927612185885,-0.025916968133656404,0.0061886858701214464,0.6140287805734816,4.0,2.81264997183854,3.499227025125246
0.3022215947585858,-0.013439839187294744,0.0003459872895135163,0.10298526290614696,-0.013439839187294744,0.013439839187294744,0.013439839187294744,-0.013439839187294744,0.0,0.013439839187294744,0.0447539155647565,0.012680807715535813,0.10122984639563981,-0.013439839187294744,0.012938173665186348,0.6058962587499757,4.0,2.834843756750432,3.470771828727366
0.30040864776551235,-0.018963881809460403,0.002819198723216232,0.10409552181756876,-0.018963881809460403,0.018963881809460403,0.018963881809460403,-0.018963881809460403,0.0,0.018963881809460403,0.05046793048189446,0.00937418130756118,0.10292672615576581,-0.018963881809460403,0.009347133180289013,0.6091365502356982,4.0,2.8005585968148026,3.4951645589718274
0.28069443436408825,0.0,0.0016321384890822799,0.10050883135162181,0.0005516374482699149,0.0,-0.0005516374482699149,0.0,0.0,0.0,0.056500366410753955,0.013463457245581623,0.09882292194912878,0.0,0.014231648815199449,0.6037582092325895,4.0,2.7981084511572276,3.4374337708330227
0.30315130639167176,-0.013824076959179088,0.0,0.10262203170188933,-0.013824076959179088,0.013824076959179088,0.013824076959179088,-0.013824076959179088,0.000704153524382356,0.013824076959179088,0.04531176749459398,0.012981704205518696,0.10082398971270568,-0.013824076959179088,0.012139777087569747,0.6057013546988932,4.0,2.8351498730886044,3.4740646241599364
0.3220813471563284,-0.033809634649658804,0.002555867528998945,0.1087452050025215,-0.033809634649658804,0.033809634649658804,0.033809634649658804,-0.033809634649658804,0.0,0.033809634649658804,0.03818462383715637,0.0039721831118137985,0.10594547444877467,-0.033809634649658804,0.005872220046359011,0.6160647213757517,4.0,2.83942734913895,3.5248027795669876
0.30907911183162096,-0.026940161431496357,0.0,0.10839753919234774,-0.026940161431496357,0.026940161431496357,0.026940161431496357,-0.026940161431496357,0.000277958323372296,0.026940161431496357,0.04916812838175666,0.00395880908812174,0.10621888834258808,-0.026940161431496357,0.005175859701231467,0.6142758744285031,4.0,2.8129733001458077,3.499581507086746
0.3220658128980034,-0.025621062427425123,0.0,0.1054267309719572,-0.025621062427425123,0.025621062427425123,0.025621062427425123,-0.025621062427425123,0.0008722741290512204,0.025621062427425123,0.03473576264152989,0.008883191931189138,0.10232417376652503,-0.025621062427425123,0.010412966312025596,0.6105121576351893,4.0,2.8730977686116352,3.501425151123585
0.2999909398865164,-0.021356305291516442,0.0020630628830415887,0.1059043589165185,-0.021356305291516442,0.021356305291516442,0.021356305291516442,-0.021356305291516442,0.0,0.021356305291516442,0.05275867240601961,0.007397167761888035,0.10385264770437441,-0.021356305291516442,0.00793536827052499,0.6110660953206786,4.0,2.798342036616806,3.4944692948442406
0.3005404739430029,-0.013562221657922535,0.000978138064234635,0.10349390978882589,-0.013562221657922535,0.013562221657922535,0.013562221657922535,-0.013562221657922535,0.0,0.013562221657922535,0.045748473742672324,0.013265020662330151,0.09987092178811974,-0.013562221657922535,0.013337349697868817,0.6059399418289138,4.0,2.8308084177390005,3.471180177738128
0.2792355692296207,-0.0010789592043174423,0.0,0.10029496628807788,-0.0010789592043174423,0.0010789592043174423,0.0010789592043174423,-0.0010789592043174423,0.0019429545046918406,0.0010789592043174423,0.06193320068130337,0.013012330411126705,0.09800525552968598,-0.0010789592043174423,0.012747127961133309,0.6035195624567233,4.0,2.7969926473755655,3.437748354090444
0.31427528107941605,-0.034293615676872946,0.002096428970863151,0.10937608381934094,-0.034293615676872946,0.034293615676872946,0.034293615676872946,-0.034293615676872946,0.0,0.034293615676872946,0.048937569103044254,0.0015532335635040084,0.10701072527327327,-0.034293615676872946,0.0023940141505276458,0.6182622875749493,4.0,2.800224769231539,3.5422471047509663
0.30202552748426736,-0.020646492408082473,0.0015229113741410671,0.10606769416015371,-0.020646492408082473,0.020646492408082473,0.020646492408082473,-0.020646492408082473,0.0,0.020646492408082473,0.048321792472805214,0.008857445481136317,0.1037620654038367,-0.020646492408082473,0.009870796712549534,0.6098302671772382,4.0,2.802738292739043,3.493115903999234
0.30849915502574454,-0.024641318462604644,0.0,0.10743998538802657,-0.024641318462604644,0.024641318462604644,0.024641318462604644,-0.024641318462604644,0.0010064119620079026,0.024641318462604644,0.047768990584642346,0.0060379640952730185,0.10465148347412523,-0.024641318462604644,0.006959734543042551,0.6118896012477881,4.0,2.8142695894752396,3.499460388418501
0.27926022945786144,-0.007837658804154657,0.0008199422580208449,0.10375259422334082,-0.007837658804154657,0.007837658804154657,0.007837658804154657,-0.007837658804154657,0.0,0.007837658804154657,0.06507376135296461,0.009153675028850117,0.10147456987705539,-0.007837658804154657,0.009349184759081197,0.6085657097050259,4.0,2.7646357219217608,3.4572581361746395
0.2957753912735477,5.57773518998772e-5,0.0,0.10147785860890579,0.0,0.000691953165041781,0.0,-0.000691953165041781,5.57773518998772e-5,-5.57773518998772e-5,0.03363449265215834,0.019873783586771054,0.09961288442126204,-0.000691953165041781,0.01963754838620524,0.6002362247423374,4.0,2.8706717050573682,3.3966067970139573
0.316601395074934,-0.009620403110162101,0.0024447449756044293,0.10029961978613322,-0.009620403110162101,0.009620403110162101,0.009620403110162101,-0.009620403110162101,0.0,0.009620403110162101,0.019696302216800632,0.020600090846693675,0.10031721305430263,-0.009620403110162101,0.01941030082351869,0.5998627441902205,4.0,2.9094367694598144,3.4328196735595458
0.3183845233014564,-0.014240207028842988,7.546916807310566e-5,0.10405681991413118,-0.014240207028842988,0.014240207028842988,0.014240207028842988,-0.014240207028842988,0.0,0.014240207028842988,0.020383946592850144,0.017872519895447248,0.10205175843324721,-0.014240207028842988,0.01796288257249401,0.6030642950091893,4.0,2.9102759889895387,3.432810907992709
0.3231744834529753,-0.008637824587556686,0.0,0.10083672483450368,-0.008637824587556686,0.008637824587556686,0.008637824587556686,-0.008637824587556686,0.0011718121419059813,0.008637824587556686,0.00924095577571471,0.02417376271693783,0.09774034751621485,-0.008637824587556686,0.023658232612382868,0.5982535133949671,4.0,2.9512821010516435,3.41773874631013
0.2731985502511396,0.0,0.0029823193487468203,0.10781567054813035,0.0029823193487468203,0.010252276228358781,-0.0029823193487468203,-0.010252276228358781,0.0,0.0,0.05167374671931757,0.008981889468945958,0.10595440995428351,-0.010252276228358781,0.010112598816198748,0.6191450989796419,4.0,2.8111993758330747,3.396369752333055
0.3031344561248668,-0.009007454760470601,0.0001900651149719934,0.10510222092247634,-0.009007454760470601,0.009007454760470601,0.009007454760470601,-0.009007454760470601,0.0,0.009007454760470601,0.035225092228156285,0.013731874805544386,0.1019950611681022,-0.009007454760470601,0.013656121663114362,0.6055845705912839,4.0,2.862947557508805,3.4336506653608434
0.29488038564612573,0.000782031368305347,0.0,0.10232214743963208,0.0,0.0016048624498825603,0.0,-0.0016048624498825603,0.000782031368305347,-0.000782031368305347,0.03139765124639471,0.020736397673771556,0.10051478311464646,-0.0016048624498825603,0.01880433697887174,0.6017791368401806,4.0,2.8697193765305267,3.3947667141244877
0.316464316513164,-0.014536447166508815,0.002396351109053896,0.10216144696800189,-0.014536447166508815,0.014536447166508815,0.014536447166508815,-0.014536447166508815,0.0,0.014536447166508815,0.02608163888168047,0.01575019889815721,0.10179489870284275,-0.014536447166508815,0.014749468160784929,0.6047501357908693,4.0,2.8882843916287073,3.4646877013786184
0.29547601838557735,0.0,0.0013068647007443701,0.1018525653574569,0.0013068647007443701,0.0011335520673476651,-0.0013068647007443701,-0.0011335520673476651,0.0,0.0,0.03102952801642278,0.019432023806797538,0.10020921763085244,-0.0011335520673476651,0.019516167691414843,0.6019231743361271,4.0,2.8685778463542624,3.3986320280264306
0.317880453486846,-0.011772516818107981,0.0,0.10334221356655426,-0.011772516818107981,0.011772516818107981,0.011772516818107981,-0.011772516818107981,0.0009305901509604197,0.011772516818107981,0.01770117837498031,0.019405381829336044,0.100686407227907,-0.011772516818107981,0.018391476544296737,0.6030468234952728,4.0,2.91000599683061,3.4305902168233104
0.31856355026232386,-0.015609082834700416,0.001579944229535002,0.10235028161731385,-0.015609082834700416,0.015609082834700416,0.015609082834700416,-0.015609082834700416,0.0,0.015609082834700416,0.026418888085030012,0.015349897786715694,0.1010060198040783,-0.015609082834700416,0.01579292126570042,0.6041595876420489,4.0,2.892028046525481,3.4640904834463484
0.3042639150494324,-0.009944495553050103,0.0,0.10214668204978672,-0.009944495553050103,0.009944495553050103,0.009944495553050103,-0.009944495553050103,0.0002451296569176975,0.009944495553050103,0.03720456333924371,0.016205958253000752,0.10049044739140989,-0.009944495553050103,0.016130315784221416,0.6028694918870832,4.0,2.8611097357048707,3.440370288353254
0.3162541466774984,-0.01020263459617965,0.0,0.1023953852103654,-0.01020263459617965,0.01020263459617965,0.01020263459617965,-0.01020263459617965,0.001712823951099729,0.01020263459617965,0.02063046643421984,0.01943581768228153,0.09896089860728097,-0.01020263459617965,0.019763974348077085,0.6006611295434023,4.0,2.91144958691308,3.4291110193227707
0.31762423174880094,-0.016713283300264337,0.0012576655246956392,0.10293272798040487,-0.016713283300264337,0.016713283300264337,0.016713283300264337,-0.016713283300264337,0.0,0.016713283300264337,0.02756856724495016,0.01471050236446203,0.10172393769173294,-0.016713283300264337,0.01423909404005208,0.6062685645632113,4.0,2.8893247685396553,3.4655492924969766
0.3172361291617829,-0.011252694307446909,0.00034133041129180697,0.10272625790543888,-0.011252694307446909,0.011252694307446909,0.011252694307446909,-0.011252694307446909,0.0,0.011252694307446909,0.019714516396721393,0.019517529861194483,0.10009282355410942,-0.011252694307446909,0.018903360657946955,0.6023327542170067,4.0,2.909307976754653,3.4306906192749205
0.2958650957346052,-2.52869985306603e-6,0.0,0.1001503200595506,-2.52869985306603e-6,2.52869985306603e-6,2.52869985306603e-6,-2.52869985306603e-6,0.0022117473831944068,2.52869985306603e-6,0.03319879656083202,0.021111032659789863,0.09767264899662376,-2.52869985306603e-6,0.019453219448061,0.5999516757152419,4.0,2.8710419151076225,3.3992036696963663
0.3211937343585154,-0.022165219506322664,0.0015242112854414458,0.10428532708178917,-0.022165219506322664,0.022165219506322664,0.022165219506322664,-0.022165219506322664,0.0,0.022165219506322664,0.030592813685741405,0.012213833486698356,0.10281584934287125,-0.022165219506322664,0.011184353911678713,0.6079671042116326,4.0,2.8719886672142714,3.497369807149746
0.3080861533163475,-0.01082814117050912,0.0003560009992726876,0.10310728745282205,-0.01082814117050912,0.01082814117050912,0.01082814117050912,-0.01082814117050912,0.0,0.01082814117050912,0.0293183502880634,0.017854701522609595,0.10079686081575101,-0.01082814117050912,0.01880075862320041,0.6021200360104881,4.0,2.85877632086653,3.4385675086300167
0.3135139613100488,-0.01538766678682979,0.0,0.1052901915998854,-0.01538766678682979,0.01538766678682979,0.01538766678682979,-0.01538766678682979,0.0016224678139948878,0.01538766678682979,0.027405367346124088,0.016350295788022606,0.10203490642740487,-0.01538766678682979,0.014624549061137415,0.6041579352982573,4.0,2.8714824123098985,3.443167998493955
0.3075513798658802,-0.01251877014982572,0.0,0.10534537886614714,-0.01251877014982572,0.01251877014982572,0.01251877014982572,-0.01251877014982572,0.0003549379870344538,0.01251877014982572,0.031227181126076253,0.013863742983883931,0.10286877899801627,-0.01251877014982572,0.013106310824477774,0.6078130673563553,4.0,2.861967966508621,3.4363218353374494
0.30525472824233635,-0.010689987891850272,0.004304112754570433,0.10173702702570164,-0.010689987891850272,0.010689987891850272,0.010689987891850272,-0.010689987891850272,0.0,0.010689987891850272,0.03240975751983566,0.01442419405567641,0.1014646552038343,-0.010689987891850272,0.015072308055771977,0.6056352128921692,4.0,2.8617802221494437,3.438463767779836
0.31329213519024446,-0.01931858281232124,0.0014510444249662413,0.10637358373867034,-0.01931858281232124,0.01931858281232124,0.01931858281232124,-0.01931858281232124,0.0,0.01931858281232124,0.030257303757843523,0.012538599808054052,0.10430845114593357,-0.01931858281232124,0.012478622648527171,0.6082308499561275,4.0,2.868990277817724,3.4469635167261035
0.31616644978130104,-0.013125316178189905,0.00038510759689547314,0.10397972160989166,-0.013125316178189905,0.013125316178189905,0.013125316178189905,-0.013125316178189905,0.0,0.013125316178189905,0.02254278847153124,0.017273017425830872,0.10113574873594366,-0.013125316178189905,0.017609713826653994,0.6036447765881876,4.0,2.90785987373551,3.4306016567324544
0.30468714545281195,-0.012216574553637116,0.00339800282891467,0.10254503125757886,-0.012216574553637116,0.012216574553637116,0.012216574553637116,-0.012216574553637116,0.0,0.012216574553637116,0.03399529864035333,0.0152131407040903,0.10193713714018493,-0.012216574553637116,0.016330509418900796,0.6037223169688479,4.0,2.8549048850568624,3.4443953089187085
0.29421174745585166,0.0,0.001492367842310216,0.10180208528044421,0.000773883607037007,0.0,-0.000773883607037007,0.0,0.0,0.0,0.03389225551172004,0.018820084019262495,0.09840466582333018,0.0,0.02006971016673731,0.6009190917583895,4.0,2.867292819148119,3.4006137531271587
0.29640203742945115,-0.003588649951080214,0.0,0.10299499417139213,-0.003588649951080214,0.003588649951080214,0.003588649951080214,-0.003588649951080214,0.0006063371145303975,0.003588649951080214,0.03426460811323029,0.018482557959137225,0.10089671442170633,-0.003588649951080214,0.01735465057736807,0.6021987580223103,4.0,2.8687682406431816,3.401430545590585
0.29859064971696814,-0.01077362970384943,0.004229449050917822,0.10178537350120109,-0.01077362970384943,0.01077362970384943,0.01077362970384943,-0.01077362970384943,0.0,0.01077362970384943,0.04409519057133782,0.011637361214988928,0.10110700183765076,-0.01077362970384943,0.012161958298856135,0.6067786533699744,4.0,2.8319628504719505,3.4668890645344628
0.2742579129341811,0.0,0.003137256762665075,0.10683736101636487,0.003137256762665075,0.007032902985040224,-0.003137256762665075,-0.007032902985040224,0.0,0.0,0.05088121450136729,0.00958957327428589,0.10373204772070199,-0.007032902985040224,0.012596474963710413,0.6156130696698092,4.0,2.810438219096367,3.398212924466066
0.30420193687231656,-0.011469306701562765,3.9606934961078366e-5,0.10433112159852431,-0.011469306701562765,0.011469306701562765,0.011469306701562765,-0.011469306701562765,0.0,0.011469306701562765,0.03619663371716708,0.015308395356973037,0.10155759371005679,-0.011469306701562765,0.015262717810649029,0.6041833085589605,4.0,2.8577546980621973,3.4399660003973738
0.2746773243533358,0.0,0.001308144279779988,0.10728796014460418,0.001308144279779988,0.007411176449762635,-0.001308144279779988,-0.007411176449762635,0.0,0.0,0.05264869169841546,0.009123262389083564,0.10520023624241848,-0.007411176449762635,0.010934632091819552,0.6158429331083513,4.0,2.8098843369551867,3.3998326384099156
0.3208550626862552,-0.02451274638556633,0.002906510676139895,0.10460459341865835,-0.02451274638556633,0.02451274638556633,0.02451274638556633,-0.02451274638556633,0.0,0.02451274638556633,0.03360988655545594,0.008069286887091742,0.10278771662469754,-0.02451274638556633,0.00993956752278713,0.6113521298725262,4.0,2.870908205216679,3.501154096107235
0.3175146548417409,-0.016408807752198662,0.0018436036022055902,0.10283121269136064,-0.016408807752198662,0.016408807752198662,0.016408807752198662,-0.016408807752198662,0.0,0.016408807752198662,0.026962575086445284,0.014774667544000586,0.1003541507681005,-0.016408807752198662,0.01612272686176386,0.6056172242146269,4.0,2.8895258662618843,3.464551886556396
0.3042678515802155,-0.011319706782344063,0.0,0.10467100908462879,-0.011319706782344063,0.011319706782344063,0.011319706782344063,-0.011319706782344063,0.00040253755765284893,0.011319706782344063,0.03878563453487516,0.011107008146399089,0.10190938392376747,-0.011319706782344063,0.012384301978623391,0.6074039878342274,4.0,2.8634954755328783,3.4376308810585745
0.27352012128319725,0.0,0.0018758736777577667,0.10628045986862755,0.0018758736777577667,0.00645132696489803,-0.0018758736777577667,-0.00645132696489803,0.0,0.0,0.05565498459240814,0.009891250636655968,0.10295207056620459,-0.00645132696489803,0.011266455981241208,0.6146221182168512,4.0,2.8086044687375544,3.4002778324399445
0.3018522913176307,-0.013345112022787653,0.0010679839809251135,0.10426126868558594,-0.013345112022787653,0.013345112022787653,0.013345112022787653,-0.013345112022787653,0.0,0.013345112022787653,0.04388548578236495,0.010690675293377971,0.10160390094916139,-0.013345112022787653,0.01191520564378834,0.6076803082279989,4.0,2.8340201111693712,3.4665281199312137
