0.006780872901607005,-0.004714082681962717,0.0002455298775219106,0.005909043017151783,-0.004714082681962717,0.004714082681962717,0.004714082681962717,-0.004714082681962717,0.0,0.004714082681962717,0.2412168350622519,0.14287031156342933,0.005634556655985223,-0.004714082681962717,0.14045754854916193,0.04376634852671146,1.0,0.8018248258909791,5.235708535693502
0.0064246668960707964,-0.004029276164448037,0.0007897812293276019,0.0051193278129428865,-0.004029276164448037,0.004029276164448037,0.004029276164448037,-0.004029276164448037,0.0,0.004029276164448037,0.24055708759217165,0.1423848404673833,0.005030930685124391,-0.004029276164448037,0.1425215997102416,0.04336800524304363,1.0,0.8023380666303732,5.261810762954019
0.006667325161711091,-0.004564794500986569,0.00018275479127805028,0.005818035762910956,-0.004564794500986569,0.004564794500986569,0.004564794500986569,-0.004564794500986569,0.0,0.004564794500986569,0.2396856992073504,0.14246127430758504,0.005646897308265952,-0.004564794500986569,0.1416724695596332,0.04459730187410971,1.0,0.8024276005908226,5.195941166546991
0.005878923466923425,-0.0035899127607277315,0.0012386149488357034,0.0047698970066112345,-0.0035899127607277315,0.0035899127607277315,0.0035899127607277315,-0.0035899127607277315,0.0,0.0035899127607277315,0.24029248431101102,0.14326102911494543,0.004672444841497647,-0.0035899127607277315,0.1423405398241031,0.04330294271865798,1.0,0.8024276005908226,5.198709398874158
0.006327215568924238,-0.004084813814396737,0.0005325734851169273,0.005249879623530296,-0.004084813814396737,0.004084813814396737,0.004084813814396737,-0.004084813814396737,0.0,0.004084813814396737,0.2404443409572261,0.14252248347018281,0.005173142005058251,-0.004084813814396737,0.1419963530599404,0.04400578911627551,1.0,0.8029399309587132,5.198833185959314
0.006433688840675522,-0.004092381476296536,0.0008003585203439911,0.00523331711286068,-0.004092381476296536,0.004092381476296536,0.004092381476296536,-0.004092381476296536,0.0,0.004092381476296536,0.24120013273245267,0.1430653048379098,0.005142571141363517,-0.004092381476296536,0.14256687674889723,0.04181709501365094,1.0,0.8029236784066456,5.232126258257014
0.00613109124609057,-0.004052709680525846,0.0006724698160693876,0.005095944849300205,-0.004052709680525846,0.004052709680525846,0.004052709680525846,-0.004052709680525846,0.0,0.004052709680525846,0.2418812418732177,0.14349920420158013,0.005013945117388063,-0.004052709680525846,0.14060927237265797,0.04331650367607964,1.0,0.801881890937613,5.233995027962313
0.00589384846857488,-0.0038558386636262654,0.001123547048008433,0.004853132082696554,-0.0038558386636262654,0.0038558386636262654,0.0038558386636262654,-0.0038558386636262654,0.0,0.0038558386636262654,0.24023353674161907,0.14376826214531935,0.004879582862980847,-0.0038558386636262654,0.1425765208626233,0.042694371923661656,1.0,0.8021915055410176,5.232994236282861
0.0062136471261142745,-0.004079603405852561,0.0003904266441336901,0.005234994951301752,-0.004079603405852561,0.004079603405852561,0.004079603405852561,-0.004079603405852561,0.0,0.004079603405852561,0.24143883490174112,0.14174140109574807,0.005178835132699122,-0.004079603405852561,0.14227159904652953,0.04377682797944282,1.0,0.8023055029680717,5.19687287967784
0.010108841733099005,-0.004682178988657082,0.0,0.009562812767938578,-0.004682178988657082,0.004682178988657082,0.004682178988657082,-0.004682178988657082,0.00010395438797061729,0.004682178988657082,0.06937554834025672,0.15937529037920983,0.009290142779228905,-0.004682178988657082,0.15763709496955292,0.17139545710325832,2.0,1.496590673626815,4.698497549795189
0.009902902820803305,-0.004574756804295088,0.0,0.009795237961606862,-0.004574756804295088,0.004574756804295088,0.004574756804295088,-0.004574756804295088,0.0003178243593779939,0.004574756804295088,0.06666434086894313,0.16063050295735826,0.009237414473807437,-0.004574756804295088,0.15876213755092072,0.1714313592833352,2.0,1.4983751082838075,4.620451799684272
0.010057433960113826,-0.004459314335737652,0.0008400864084530113,0.00960442358596758,-0.004459314335737652,0.004459314335737652,0.004459314335737652,-0.004459314335737652,0.0,0.004459314335737652,0.06707722315889963,0.16156541345248954,0.008947334725440292,-0.004459314335737652,0.15914947434752147,0.1693848881687101,2.0,1.5519870895701022,4.649082658353545
0.00990319741250989,-0.004838265317550938,0.00010160403339032342,0.009684235641940209,-0.004838265317550938,0.004838265317550938,0.004838265317550938,-0.004838265317550938,0.0,0.004838265317550938,0.06781146441606722,0.1607079187042202,0.009878520202021068,-0.004838265317550938,0.15788431118709623,0.17103397719216362,2.0,1.4969511929447172,4.6230287171334705
0.010212690832265281,-0.004439953905420069,0.0006837235490460003,0.009239354299031,-0.004439953905420069,0.004439953905420069,0.004439953905420069,-0.004439953905420069,0.0,0.004439953905420069,0.06752515494777978,0.16254188495914068,0.008895958630614764,-0.004439953905420069,0.16087930607641265,0.16662884408298773,2.0,1.5274826758932298,4.678630585859418
0.010339195882633767,-0.004750302433188303,8.963065400724446e-5,0.009935348227975815,-0.004750302433188303,0.004750302433188303,0.004750302433188303,-0.004750302433188303,0.0,0.004750302433188303,0.06818024578753423,0.16117080596702404,0.009274229682103119,-0.004750302433188303,0.15787014061262017,0.17005766909114772,2.0,1.5449860013082506,4.6842504718892
0.010222458619902675,-0.004912741201618331,0.000304690525005924,0.00969966208659745,-0.004912741201618331,0.004912741201618331,0.004912741201618331,-0.004912741201618331,0.0,0.004912741201618331,0.06753455933337893,0.16210077268511913,0.009461605286934294,-0.004912741201618331,0.15840013362165362,0.16935582251488412,2.0,1.524873535110803,4.678956658409233
0.010239832117788339,-0.004416964739304419,0.00048310683711694224,0.009413744913448596,-0.004416964739304419,0.004416964739304419,0.004416964739304419,-0.004416964739304419,0.0,0.004416964739304419,0.06741026615099255,0.16103994460407378,0.009195893616775308,-0.004416964739304419,0.15920362085107698,0.16959751911988974,2.0,1.5523917672792518,4.647432924250167
0.010282436604156509,-0.00447608410449174,0.00024225947616240973,0.009743299166970587,-0.00447608410449174,0.00447608410449174,0.00447608410449174,-0.00447608410449174,0.0,0.00447608410449174,0.067177184148969,0.16043194259176552,0.009095303050759895,-0.00447608410449174,0.15918226252056655,0.17048836001699907,2.0,1.5295592258251143,4.668675051596961
0.00968745818859329,-0.004093213808232132,0.0011027342101268545,0.009001393984295891,-0.004093213808232132,0.004093213808232132,0.004093213808232132,-0.004093213808232132,0.0,0.004093213808232132,0.06904551550344973,0.15928080095685315,0.008767360050817796,-0.004093213808232132,0.16011338833948097,0.16926152604647227,2.0,1.5294170121173014,4.6719292043456955
0.009972535535514915,-0.004508800799810864,0.0007013721432302944,0.009355109080758872,-0.004508800799810864,0.004508800799810864,0.004508800799810864,-0.004508800799810864,0.0,0.004508800799810864,0.0674897599458788,0.15997828997069785,0.009091870761335663,-0.004508800799810864,0.15985013907227508,0.1702366877619772,2.0,1.5264010244972637,4.671193307525124
0.009893205532711669,-0.004451584555572818,0.0006418173950857309,0.009082095540696944,-0.004451584555572818,0.004451584555572818,0.004451584555572818,-0.004451584555572818,0.0,0.004451584555572818,0.06941576063079502,0.15893552014551515,0.00882823311107872,-0.004451584555572818,0.15999015165488428,0.1698317640166631,2.0,1.499698719511127,4.6953284814840615
0.00973991442080191,-0.004585386445655981,0.0006945360204788642,0.009035223781812984,-0.004585386445655981,0.004585386445655981,0.004585386445655981,-0.004585386445655981,0.0,0.004585386445655981,0.0684285241932745,0.16095856534638608,0.008813003047163814,-0.004585386445655981,0.15870389515873784,0.1703786879488578,2.0,1.498225528220463,4.696273975952985
0.00987277210174664,-0.004802275662391331,0.0007519980791492742,0.00959288805385583,-0.004802275662391331,0.004802275662391331,0.004802275662391331,-0.004802275662391331,0.0,0.004802275662391331,0.06763523645410974,0.16014485592575234,0.009245014663958884,-0.004802275662391331,0.15974361072703047,0.16998286312864597,2.0,1.4996526642333272,4.696405862413478
0.009886139308255437,-0.004411061257916238,0.0007423180208734337,0.008924277128151914,-0.004411061257916238,0.004411061257916238,0.004411061257916238,-0.004411061257916238,0.0,0.004411061257916238,0.068577976122973,0.15948012474956386,0.008965116652359661,-0.004411061257916238,0.15942666209045075,0.170575410657146,2.0,1.5286447725177956,4.670248501209284
0.009867338749318222,-0.004408221072328633,0.0009083746627505107,0.009485246878720321,-0.004408221072328633,0.004408221072328633,0.004408221072328633,-0.004408221072328633,0.0,0.004408221072328633,0.0669825781268214,0.16003941195491,0.009023887419369547,-0.004408221072328633,0.16069520788360903,0.1695731388686874,2.0,1.5462940100245817,4.606351693024876
0.01029373653055643,-0.004454619343423172,0.0002843729591512911,0.009607953545318626,-0.004454619343423172,0.004454619343423172,0.004454619343423172,-0.004454619343423172,0.0,0.004454619343423172,0.06712488295637886,0.16056694475517785,0.009030448278445125,-0.004454619343423172,0.15985349043575914,0.16985975335449366,2.0,1.5484589576829244,4.606714578378969
0.009770192967875069,-0.004313711161011646,0.0006038544280091429,0.009237699166865454,-0.004313711161011646,0.004313711161011646,0.004313711161011646,-0.004313711161011646,0.0,0.004313711161011646,0.06734480895460937,0.16005687206684094,0.00904413714442498,-0.004313711161011646,0.1597776029818796,0.1706455069223649,2.0,1.4994157525524021,4.616100465407011
0.010302752002119497,-0.004433778267334709,0.0002446135917173464,0.009487601090645725,-0.004433778267334709,0.004433778267334709,0.004433778267334709,-0.004433778267334709,0.0,0.004433778267334709,0.06802253001990088,0.16034499487765608,0.00886418616035023,-0.004433778267334709,0.15794615231214948,0.17138791168465328,2.0,1.5534876679218503,4.644566837943872
0.00999909223302975,-0.004131687522955119,0.0011450580727982995,0.00889719485435414,-0.004131687522955119,0.004131687522955119,0.004131687522955119,-0.004131687522955119,0.0,0.004131687522955119,0.0668744838239288,0.16087243963172249,0.008639664774301892,-0.004131687522955119,0.1600979484445677,0.16977276916010986,2.0,1.5544819633868956,4.643684754871378
0.010340114097583175,-0.003958361958686485,0.0003860474268018166,0.009127950857735545,-0.003958361958686485,0.003958361958686485,0.003958361958686485,-0.003958361958686485,0.0,0.003958361958686485,0.06777350706745366,0.15944625575167626,0.008686969016145962,-0.003958361958686485,0.15897713938649227,0.1713873418266556,2.0,1.5649951375451723,4.608152083037935
0.009777006692321066,-0.0036239195537191016,0.0014657040874652694,0.008451551127729662,-0.0036239195537191016,0.0036239195537191016,0.0036239195537191016,-0.0036239195537191016,0.0,0.0036239195537191016,0.06695094885876252,0.16073086983862472,0.00837501774664462,-0.0036239195537191016,0.1599467465370057,0.17009303813702337,2.0,1.5640634447550108,4.612690950288731
0.009135905193796034,-0.003712514209980533,0.001340861560799489,0.00866030763357184,-0.003712514209980533,0.003712514209980533,0.003712514209980533,-0.003712514209980533,0.0,0.003712514209980533,0.06788837197529585,0.16132228729573317,0.008532963054672216,-0.003712514209980533,0.1613677436987091,0.16763103726926065,2.0,1.4977722882438957,4.61805686823764
0.009065399777102634,-0.003883909592029333,0.0011839172319811908,0.008597537561117363,-0.003883909592029333,0.003883909592029333,0.003883909592029333,-0.003883909592029333,0.0,0.003883909592029333,0.06823036730008525,0.16172486576873268,0.00844973079465472,-0.003883909592029333,0.1584594376407873,0.170339616989426,2.0,1.4977574250771086,4.621059137941894
0.009343262839043298,-0.0036747635998697348,0.0017549907688065858,0.008553956609728353,-0.0036747635998697348,0.0036747635998697348,0.0036747635998697348,-0.0036747635998697348,0.0,0.0036747635998697348,0.06693961013529304,0.1609438134185437,0.008154437239898726,-0.0036747635998697348,0.16103720112914033,0.16911445493127353,2.0,1.5527744554685645,4.646452888684238
0.009637438080230432,-0.004072704506182134,0.001095186495006395,0.008901813496889233,-0.004072704506182134,0.004072704506182134,0.004072704506182134,-0.004072704506182134,0.0,0.004072704506182134,0.06877997902853217,0.15977549102145794,0.0086311058069235,-0.004072704506182134,0.15975001221123009,0.1696686418377702,2.0,1.5467909954895265,4.607307194029141
0.010000446878567715,-0.0038406922875502403,0.0011250954712060945,0.008655209867101554,-0.0038406922875502403,0.0038406922875502403,0.0038406922875502403,-0.0038406922875502403,0.0,0.0038406922875502403,0.06745279137413185,0.16110518083849268,0.00866577506431021,-0.0038406922875502403,0.16042716959337255,0.1685759866722254,2.0,1.5547289183681716,4.645519241763622
0.010020569859825024,-0.004431338763027259,0.000733315897764264,0.009211895773494572,-0.004431338763027259,0.004431338763027259,0.004431338763027259,-0.004431338763027259,0.0,0.004431338763027259,0.06748304066588595,0.16215324069031256,0.009142995207587656,-0.004431338763027259,0.1586427268768955,0.16921051726311953,2.0,1.5526180875328557,4.647265773230005
0.009411846327342488,-0.004313068193400937,0.0005145318046526626,0.009286628797982921,-0.004313068193400937,0.004313068193400937,0.004313068193400937,-0.004313068193400937,0.0,0.004313068193400937,0.06842285892777689,0.15940170359257078,0.0090798697401695,-0.004313068193400937,0.1587619716106552,0.17160062086410832,2.0,1.4988457807570992,4.621059051578238
0.009717488554676912,-0.0042830224230367975,0.0008308058569141963,0.00925492960511054,-0.0042830224230367975,0.0042830224230367975,0.0042830224230367975,-0.0042830224230367975,0.0,0.0042830224230367975,0.0680712140855162,0.16029693677420642,0.008857861923164734,-0.0042830224230367975,0.16027181897188036,0.16914893012342525,2.0,1.5460422833145258,4.607238286380495
0.009840403483957871,-0.004300216468717366,0.0009280845385033487,0.008868773387177953,-0.004300216468717366,0.004300216468717366,0.004300216468717366,-0.004300216468717366,0.0,0.004300216468717366,0.06768420066121816,0.1628670950368729,0.008700949971218286,-0.004300216468717366,0.15982425311695092,0.16775341974467572,2.0,1.5300194621110668,4.677344432076302
0.009922007885699635,-0.004076264290782117,0.0014021317620596108,0.008913659019708309,-0.004076264290782117,0.004076264290782117,0.004076264290782117,-0.004076264290782117,0.0,0.004076264290782117,0.06761228758407878,0.16114588411366304,0.008449584051053005,-0.004076264290782117,0.1607636833811541,0.16803398996522345,2.0,1.5474055698445601,4.679758450027503
0.010098652764865435,-0.004066828180761206,0.0009626887856244437,0.008822965453814113,-0.004066828180761206,0.004066828180761206,0.004066828180761206,-0.004066828180761206,0.0,0.004066828180761206,0.06778776894934158,0.16091684350309432,0.00854986120631196,-0.004066828180761206,0.16023666516600343,0.16885834582356374,2.0,1.5541367120873004,4.643661565638944
0.009876844865221557,-0.004710697253538232,0.000679629128291559,0.00929203076437668,-0.004710697253538232,0.004710697253538232,0.004710697253538232,-0.004710697253538232,0.0,0.004710697253538232,0.06697567918293945,0.16263768419532942,0.009117526786415642,-0.004710697253538232,0.1593208716304626,0.16897739417235913,2.0,1.5262408764669289,4.677899709704065
0.009543262011127318,-0.004473710994254532,0.0,0.009257651794638555,-0.004473710994254532,0.004473710994254532,0.004473710994254532,-0.004473710994254532,0.00019504384271762376,0.004473710994254532,0.0691212960294516,0.1596401359462538,0.009030142049946122,-0.004473710994254532,0.15846926984086807,0.17138387295110924,2.0,1.4965721729182198,4.619351279698364
0.00946043097525262,-0.004824848864852793,0.00035884500120086926,0.009571429235826212,-0.004824848864852793,0.004824848864852793,0.004824848864852793,-0.004824848864852793,0.0,0.004824848864852793,0.06801689661663257,0.16004737516415668,0.009482536406752562,-0.004824848864852793,0.15901380540391186,0.17104049353297723,2.0,1.4981641328947826,4.618794850106497
0.011616057100182431,-0.0032913963936183066,0.0,0.016540555896515485,-0.0032913963936183066,0.0032913963936183066,0.0032913963936183066,-0.0032913963936183066,0.0005210686020502564,0.0032913963936183066,0.015837404799682098,0.09815057759180945,0.0157023475062239,-0.0032913963936183066,0.0961829814537225,0.33090736691529,3.0,2.1555193810863487,4.073593969487011
0.012017129850208086,-0.0035491224436450253,0.0002544910283237556,0.01658025607017155,-0.0035491224436450253,0.0035491224436450253,0.0035491224436450253,-0.0035491224436450253,0.0,0.0035491224436450253,0.016539353214978014,0.09785225731654013,0.01615104414039603,-0.0035491224436450253,0.09734473712510461,0.32897681716978067,3.0,2.1970637751370643,4.1062586697435615
0.011503991863195395,-0.0035123352690602516,0.0,0.016271105319215273,-0.0035123352690602516,0.0035123352690602516,0.0035123352690602516,-0.0035123352690602516,0.00041514390152919134,0.0035123352690602516,0.016164278094297657,0.09827184352388674,0.016043814018494196,-0.0035123352690602516,0.09656914485767931,0.3304399771626203,3.0,2.1521785718792197,4.075411129679644
0.012064083870169107,-0.003928866821927279,0.0,0.016454521952010914,-0.003928866821927279,0.003928866821927279,0.003928866821927279,-0.003928866821927279,7.733766876327763e-5,0.003928866821927279,0.016714294980025635,0.09773962723902319,0.016082250639394502,-0.003928866821927279,0.09812086981529156,0.3288428441291069,3.0,2.1556077244939864,4.123024698271651
0.011849157863787596,-0.003752604071912913,0.0,0.016650877927283148,-0.003752604071912913,0.003752604071912913,0.003752604071912913,-0.003752604071912913,0.0003281477537102617,0.003752604071912913,0.016560323160097035,0.09779521400888491,0.016046236360600652,-0.003752604071912913,0.09606467837156085,0.33062493209784627,3.0,2.1665906161501907,4.1292546150911855
0.012014808685522738,-0.0041947032507057,0.0,0.016964848841223734,-0.0041947032507057,0.0041947032507057,0.0041947032507057,-0.0041947032507057,7.720181273906945e-5,0.0041947032507057,0.0163442262384903,0.09823836743728354,0.016552137168345915,-0.0041947032507057,0.09615244147155,0.3300176350674082,3.0,2.153344895882328,4.123565239506422
0.012033466750579258,-0.0035141974673704723,0.0,0.016350421462225206,-0.0035141974673704723,0.0035141974673704723,0.0035141974673704723,-0.0035141974673704723,4.803102183537078e-5,0.0035141974673704723,0.01633533369578455,0.09862277163864963,0.016184590164704638,-0.0035141974673704723,0.09633233177814038,0.32977421442730925,3.0,2.197289509006231,4.104621517569547
0.011895216442387557,-0.003445758920034514,0.0002996587566501674,0.016832516568070055,-0.003445758920034514,0.003445758920034514,0.003445758920034514,-0.003445758920034514,0.0,0.003445758920034514,0.014699472180991435,0.09879846744371878,0.01599442596430567,-0.003445758920034514,0.0986589323693936,0.32843403266637505,3.0,2.212572986818586,4.028144994988465
0.011330202649453724,-0.0031384944213499466,0.0,0.01657888541876229,-0.0031384944213499466,0.0031384944213499466,0.0031384944213499466,-0.0031384944213499466,0.0005293575458775734,0.0031384944213499466,0.014659929577399033,0.09866462599807235,0.016095243853791352,-0.0031384944213499466,0.09741403263805282,0.3300331802117986,3.0,2.1688673396975937,3.9972265760926753
0.011789661174097965,-0.0035239951517382906,4.638354413621926e-5,0.016509860819835964,-0.0035239951517382906,0.0035239951517382906,0.0035239951517382906,-0.0035239951517382906,0.0,0.0035239951517382906,0.015117900834057174,0.09889616914766641,0.016146995838043132,-0.0035239951517382906,0.09810188930750297,0.32908209795825627,3.0,2.1559108209342153,4.029078704297531
0.011821490482337715,-0.00301075605578216,0.0,0.016369943797490016,-0.00301075605578216,0.00301075605578216,0.00301075605578216,-0.00301075605578216,0.0004627673763790696,0.00301075605578216,0.015375672334862145,0.09859509519039111,0.01536228840609688,-0.00301075605578216,0.0967111652233772,0.33047929671670584,3.0,2.213117971001445,4.066733494491523
0.012077025241212347,-0.0036302615295893403,0.0,0.016776118079269153,-0.0036302615295893403,0.0036302615295893403,0.0036302615295893403,-0.0036302615295893403,7.274635540266416e-5,0.0036302615295893403,0.01565868561938366,0.09805002261209594,0.01598207302021848,-0.0036302615295893403,0.09639141609207513,0.33078913798178977,3.0,2.196866755825472,4.060701608968252
0.012230468085522972,-0.002995927575764057,0.0,0.016081047054123054,-0.002995927575764057,0.002995927575764057,0.002995927575764057,-0.002995927575764057,8.209811043968784e-5,0.002995927575764057,0.015195406391466548,0.09858442027797754,0.015421760768240311,-0.002995927575764057,0.0966958258359325,0.33087186452391926,3.0,2.227621944957286,4.030874483990102
0.011812736417923908,-0.0029936619017680854,0.0007900029479275261,0.01584568986199919,-0.0029936619017680854,0.0029936619017680854,0.0029936619017680854,-0.0029936619017680854,0.0,0.0029936619017680854,0.015052879608264291,0.09969932116043623,0.015820144279877546,-0.0029936619017680854,0.0974543834418844,0.3286854676553128,3.0,2.2252469295935837,4.034992823011618
0.011548125067488257,-0.00312888561745428,0.0010208549113253085,0.016298263980442762,-0.00312888561745428,0.00312888561745428,0.00312888561745428,-0.00312888561745428,0.0,0.00312888561745428,0.014734690725036081,0.10072395158920155,0.01549226582964458,-0.00312888561745428,0.10018576616807451,0.32529193081809904,3.0,2.19660907568299,4.061665203644615
0.01171043408192407,-0.003321716175850753,0.0005492116831113947,0.01646679971351528,-0.003321716175850753,0.003321716175850753,0.003321716175850753,-0.003321716175850753,0.0,0.003321716175850753,0.016138392833398463,0.09965561532974743,0.015852292409996416,-0.003321716175850753,0.09574123229676967,0.32937470129924584,3.0,2.2115180888933743,4.0690361930699535
0.01192624985266999,-0.0032759006099984944,0.0008020031158686436,0.016397697746278972,-0.0032759006099984944,0.0032759006099984944,0.0032759006099984944,-0.0032759006099984944,0.0,0.0032759006099984944,0.014769767724689409,0.09897323495607058,0.01531048487468567,-0.0032759006099984944,0.09790276175751167,0.3293606640540814,3.0,2.2417936708909063,4.090636544315599
0.012085881861326087,-0.0031956329608799905,0.0006831132301821086,0.01634677525912398,-0.0031956329608799905,0.0031956329608799905,0.0031956329608799905,-0.0031956329608799905,0.0,0.0031956329608799905,0.014996443978811946,0.09911414296400611,0.01543052841084247,-0.0031956329608799905,0.09834337383594338,0.3283623368925017,3.0,2.2604317984171898,4.056046956755525
0.011827441177102216,-0.0031843479683155707,0.00055416136264963,0.01600091228409095,-0.0031843479683155707,0.0031843479683155707,0.0031843479683155707,-0.0031843479683155707,0.0,0.0031843479683155707,0.014901141398962814,0.0999590560420911,0.01597151743384906,-0.0031843479683155707,0.09840165399738154,0.32773542774404607,3.0,2.1978221850898865,4.063030629831282
0.011965101482294571,-0.003740650869461959,0.0,0.016865097515231575,-0.003740650869461959,0.003740650869461959,0.003740650869461959,-0.003740650869461959,0.00024899436482517245,0.003740650869461959,0.015733145055190967,0.09902847446747298,0.016731046382946424,-0.003740650869461959,0.09560396585297593,0.32973178922038215,3.0,2.2104638417145517,4.069188653094263
0.011516988683907492,-0.0037861728133687933,0.0,0.016691430865669155,-0.0037861728133687933,0.0037861728133687933,0.0037861728133687933,-0.0037861728133687933,1.727090430314604e-5,0.0037861728133687933,0.01584532137843464,0.09865413313267712,0.01669022968150191,-0.0037861728133687933,0.09553267696766898,0.33100508467106415,3.0,2.1527052327786524,4.0325874266348745
0.011919782974507243,-0.0035202342599696124,3.896573244510648e-5,0.01662782515852257,-0.0035202342599696124,0.0035202342599696124,0.0035202342599696124,-0.0035202342599696124,0.0,0.0035202342599696124,0.015757932804831398,0.09905192146492325,0.0162062782728718,-0.0035202342599696124,0.09685302893307224,0.3292314623906538,3.0,2.211081412426616,4.028830485970974
0.012145572117892023,-0.0036004892270078415,0.0004852120890292966,0.01620667593709335,-0.0036004892270078415,0.0036004892270078415,0.0036004892270078415,-0.0036004892270078415,0.0,0.0036004892270078415,0.015455614793840056,0.10017886804048715,0.015763219991836053,-0.0036004892270078415,0.09788003664116474,0.327652253087523,3.0,2.219181594832914,4.121674812131381
0.012226915178841224,-0.0035783174387775674,0.0006258924317652514,0.01639574991759485,-0.0035783174387775674,0.0035783174387775674,0.0035783174387775674,-0.0035783174387775674,0.0,0.0035783174387775674,0.015117457778329069,0.09982916315038448,0.015532544245536961,-0.0035783174387775674,0.09823747076724931,0.32778008744093423,3.0,2.2165631254845906,4.119653166899578
0.012203253868556807,-0.002943986731583692,0.0007294519950322709,0.015796302708533716,-0.002943986731583692,0.002943986731583692,0.002943986731583692,-0.002943986731583692,0.0,0.002943986731583692,0.014668288687063935,0.09997760544237977,0.015099470918884528,-0.002943986731583692,0.09931485050493993,0.32732172607805055,3.0,2.2452768037210284,4.08859022223149
0.01213096214582432,-0.003931740260852301,0.0,0.016871994777700294,-0.003931740260852301,0.003931740260852301,0.003931740260852301,-0.003931740260852301,0.0002858446749023358,0.003931740260852301,0.015733750199674823,0.09924325815190116,0.01633978416275461,-0.003931740260852301,0.09579544206548363,0.32969766755446894,3.0,2.2140658101139596,4.121502144591357
0.011764741813912849,-0.003321298277449536,0.0,0.01639057439005942,-0.003321298277449536,0.003321298277449536,0.003321298277449536,-0.003321298277449536,0.0004904001850851714,0.003321298277449536,0.015791601432970204,0.09889195103791959,0.015626999892483617,-0.003321298277449536,0.09739562854887485,0.32913636444800165,3.0,2.2103421469241304,4.067653304930544
0.011973098357375811,-0.004033298579472877,2.5320888603630465e-5,0.01680612554621419,-0.004033298579472877,0.004033298579472877,0.004033298579472877,-0.004033298579472877,0.0,0.004033298579472877,0.01569698397721364,0.09839630480383121,0.01681655634267365,-0.004033298579472877,0.09571483375905565,0.3307710383763629,3.0,2.195247766197987,4.06181370453998
0.011868051736108498,-0.003361611498173822,0.0006109953949628988,0.01652111375471854,-0.003361611498173822,0.003361611498173822,0.003361611498173822,-0.003361611498173822,0.0,0.003361611498173822,0.01506348220579845,0.09869416610687409,0.015772244573261318,-0.003361611498173822,0.0990369038970691,0.32796161730123874,3.0,2.220569387357572,4.073251061007445
0.012122095808104305,-0.003381000121914113,0.00020773676341523384,0.01686148039606561,-0.003381000121914113,0.003381000121914113,0.003381000121914113,-0.003381000121914113,0.0,0.003381000121914113,0.015042301718160012,0.09821931315851362,0.015602446499380918,-0.003381000121914113,0.0977955072856318,0.3296970819645004,3.0,2.2194959381743997,4.072799883543517
0.011526778040768626,-0.0033363171821143567,0.0003285385071727376,0.01642450566503495,-0.0033363171821143567,0.0033363171821143567,0.0033363171821143567,-0.0033363171821143567,0.0,0.0033363171821143567,0.016126573141543865,0.09781418928678587,0.01581403514829205,-0.0033363171821143567,0.09792488581696546,0.3295437750474086,3.0,2.1583167835294237,4.069762833705079
0.012121965024283199,-0.0036842235846608062,1.4009271708914639e-5,0.016707238804964497,-0.0036842235846608062,0.0036842235846608062,0.0036842235846608062,-0.0036842235846608062,0.0,0.0036842235846608062,0.016075209873781304,0.09824928219928442,0.015611071904902296,-0.0036842235846608062,0.09641680925452878,0.3306556007230652,3.0,2.1995024285004767,4.100516526844547
0.012193035857587908,-0.0037183700051013346,0.00025127951841596996,0.01710326079694635,-0.0037183700051013346,0.0037183700051013346,0.0037183700051013346,-0.0037183700051013346,0.0,0.0037183700051013346,0.015411641019951183,0.09750700583987548,0.015990905497847763,-0.0037183700051013346,0.09745188581385023,0.32997631913248426,3.0,2.201130829392492,4.100954421561693
0.01206784213730927,-0.0029291665798556465,0.0002647726118336635,0.016152689091157413,-0.0029291665798556465,0.0029291665798556465,0.0029291665798556465,-0.0029291665798556465,0.0,0.0029291665798556465,0.015637398058956364,0.09820923289027661,0.01537479485595128,-0.0029291665798556465,0.0973235433543902,0.33006585705183866,3.0,2.234699730053494,4.0758079552989654
0.011914569057502433,-0.003115793555966029,0.000947719167045058,0.01616474011211544,-0.003115793555966029,0.003115793555966029,0.003115793555966029,-0.003115793555966029,0.0,0.003115793555966029,0.015023995916336297,0.0987524491151266,0.015713694370814935,-0.003115793555966029,0.09879028908881793,0.32797530020006516,3.0,2.2315410189910114,4.079804383067287
0.011176266757588316,-0.003131652531968676,0.001171423998860277,0.01584896833324123,-0.003131652531968676,0.003131652531968676,0.003131652531968676,-0.003131652531968676,0.0,0.003131652531968676,0.016065966747867755,0.09886356653683848,0.015579553360416831,-0.003131652531968676,0.10060164669879956,0.32599122357021404,3.0,2.156790676415005,4.072052273841989
0.01138049911180783,-0.003433514685885264,0.0006605692682466469,0.0158186616391367,-0.003433514685885264,0.003433514685885264,0.003433514685885264,-0.003433514685885264,0.0,0.003433514685885264,0.01622088680168421,0.09950612622061872,0.015416936072423226,-0.003433514685885264,0.09807856656784253,0.3285182324759832,3.0,2.156236283989147,4.0742828769515835
0.011666566179903803,-0.0033601040077435584,0.0011005819453231425,0.01629751874442409,-0.0033601040077435584,0.0033601040077435584,0.0033601040077435584,-0.0033601040077435584,0.0,0.0033601040077435584,0.015437017407639253,0.09851533573880733,0.015543407525667519,-0.0033601040077435584,0.09929351604729852,0.3276731238905377,3.0,2.2000807945221883,4.1041564370480055
0.011732576799708738,-0.0034075010970378017,0.0009089824020316328,0.016052848259987762,-0.0034075010970378017,0.0034075010970378017,0.0034075010970378017,-0.0034075010970378017,0.0,0.0034075010970378017,0.016007542061703184,0.09822961679542797,0.015409949297457537,-0.0034075010970378017,0.09931537682698899,0.3279175721255898,3.0,2.220857452429517,4.074919770923929
0.01183195861515518,-0.0031903826954806647,0.000613182332789286,0.01584574884580725,-0.0031903826954806647,0.0031903826954806647,0.0031903826954806647,-0.0031903826954806647,0.0,0.0031903826954806647,0.015798256921412346,0.09798737517602873,0.015485382443789497,-0.0031903826954806647,0.09943754510938252,0.32835789672297366,3.0,2.1990445912267966,4.102018891292883
0.012067443180881376,-0.003951453765258961,0.00018582101103348236,0.016777256240200877,-0.003951453765258961,0.003951453765258961,0.003951453765258961,-0.003951453765258961,0.0,0.003951453765258961,0.01635109198359519,0.0986204416808496,0.015951576517033494,-0.003951453765258961,0.0963467023145137,0.32981808430900905,3.0,2.196110971157983,4.1026694301967375
0.011656914546750663,-0.003929148346719202,0.00021747818529949114,0.017012340002009907,-0.003929148346719202,0.003929148346719202,0.003929148346719202,-0.003929148346719202,0.0,0.003929148346719202,0.016239269688695046,0.09675194855663527,0.0162476252958772,-0.003929148346719202,0.09684022049614427,0.33113031504716517,3.0,2.1551198304695274,4.074246745572727
0.011850676614827194,-0.003652649801072272,0.0005020895651126622,0.01635083448947494,-0.003652649801072272,0.003652649801072272,0.003652649801072272,-0.003652649801072272,0.0,0.003652649801072272,0.01536934751379615,0.09882637757947332,0.015701420726589532,-0.003652649801072272,0.09779908546403959,0.3294197813196167,3.0,2.2175555042691157,4.073773679475086
0.011762372426159295,-0.0039316815637011615,0.00040932488633771413,0.016057327035390756,-0.0039316815637011615,0.0039316815637011615,0.0039316815637011615,-0.0039316815637011615,0.0,0.0039316815637011615,0.01627920251118109,0.09871374758714424,0.015842737447621325,-0.0039316815637011615,0.09760428780152797,0.3294296453401966,3.0,2.1580056038848636,4.121743130646805
0.011900448365524952,-0.003622183103346721,0.0006261732175776302,0.01653010747212935,-0.003622183103346721,0.003622183103346721,0.003622183103346721,-0.003622183103346721,0.0,0.003622183103346721,0.016584274038111246,0.09737804516349069,0.015648153094490524,-0.003622183103346721,0.09843918087223713,0.328682764351643,3.0,2.171378023300841,4.126177697007909
0.011986069150692558,-0.003479876606119703,0.0004204146966344524,0.016110039808959975,-0.003479876606119703,0.003479876606119703,0.003479876606119703,-0.003479876606119703,0.0,0.003479876606119703,0.01609832704847669,0.09774799005406631,0.015572274342448011,-0.003479876606119703,0.0982380267193026,0.3294736982573969,3.0,2.2009402494840384,4.101179481852799
0.011993142279412616,-0.0045055835101797115,0.00018572794582727425,0.01681086575823265,-0.0045055835101797115,0.0045055835101797115,0.0045055835101797115,-0.0045055835101797115,0.0,0.0045055835101797115,0.01609872641061294,0.09802013313811564,0.016417998402326717,-0.0045055835101797115,0.09622732297862235,0.33091863006888733,3.0,2.155570369761239,4.1220821992931365
0.011692902773547509,-0.0040225041491250835,0.0,0.016268261505869575,-0.0040225041491250835,0.0040225041491250835,0.0040225041491250835,-0.0040225041491250835,0.00010732767286736333,0.0040225041491250835,0.016655342909279724,0.09805976036413533,0.016175797054959418,-0.0040225041491250835,0.096707740753466,0.330522334586858,3.0,2.155325748896262,4.072856801479277
0.011620506340731751,-0.004229704422583858,0.0002883765564574148,0.01684935963992018,-0.004229704422583858,0.004229704422583858,0.004229704422583858,-0.004229704422583858,0.0,0.004229704422583858,0.016038822167337763,0.09723089045516531,0.016815509802096784,-0.004229704422583858,0.09665115146019154,0.3309020514725409,3.0,2.15688849512742,4.073702332392063
0.012015142527801892,-0.0028906433572428725,0.0009508416714254508,0.01580641694686058,-0.0028906433572428725,0.0028906433572428725,0.0028906433572428725,-0.0028906433572428725,0.0,0.0028906433572428725,0.014468811598079334,0.0987028490784958,0.015294765778337549,-0.0028906433572428725,0.09940230538817829,0.3284164738399218,3.0,2.2661605701582963,4.015728445301381
0.010954776363401919,-0.0027863822639941915,0.001144560035179154,0.015893703463811804,-0.0027863822639941915,0.0027863822639941915,0.0027863822639941915,-0.0027863822639941915,0.0,0.0027863822639941915,0.014992595371089656,0.09829125916433146,0.015488523116228947,-0.0027863822639941915,0.10025495385067007,0.327932974371139,3.0,2.1683345516447083,3.9908131171239534
0.011531188125933234,-0.003067782436234623,0.00071310907789357,0.01611363416083389,-0.003067782436234623,0.003067782436234623,0.003067782436234623,-0.003067782436234623,0.0,0.003067782436234623,0.015206264569878059,0.09931346387621343,0.015388786679408462,-0.003067782436234623,0.09771083115251056,0.32925746826542124,3.0,2.21280550345,4.026095209121063
0.011736449659747628,-0.0028291631387658,0.0014663357978603742,0.015784132444211174,-0.0028291631387658,0.0028291631387658,0.0028291631387658,-0.0028291631387658,0.0,0.0028291631387658,0.014348346016683777,0.09789507885942417,0.01486279094122267,-0.0028291631387658,0.10023303028867758,0.32866996260279624,3.0,2.26216942235522,4.052386210528889
0.01205071027801452,-0.0028847725170670913,0.0006655776797055424,0.016049481136154675,-0.0028847725170670913,0.0028847725170670913,0.0028847725170670913,-0.0028847725170670913,0.0,0.0028847725170670913,0.015111478727633632,0.09835422211487721,0.015195889464131085,-0.0028847725170670913,0.0993955157178199,0.32822886087058833,3.0,2.265393005302003,4.013812102015379
0.011821566772630021,-0.0029113606278352577,0.0006016977980722871,0.01599634557781826,-0.0029113606278352577,0.0029113606278352577,0.0029113606278352577,-0.0029113606278352577,0.0,0.0029113606278352577,0.01500293837892297,0.09842763527948861,0.015588196435685653,-0.0029113606278352577,0.09902687203872151,0.32861307181835375,3.0,2.2162689492489456,4.024278074586728
0.012418596503326995,-0.003185598296485459,0.00023366153797610423,0.016125506952399782,-0.003185598296485459,0.003185598296485459,0.003185598296485459,-0.003185598296485459,0.0,0.003185598296485459,0.01526462816485541,0.09960588678260063,0.015488133990124275,-0.003185598296485459,0.09732648252669751,0.32888966531036257,3.0,2.2630411595620448,4.053273867574922
0.01190038830555551,-0.0032291392503482896,0.00046675996072309545,0.016373876789486985,-0.0032291392503482896,0.0032291392503482896,0.0032291392503482896,-0.0032291392503482896,0.0,0.0032291392503482896,0.015300363593011568,0.09789091286671692,0.015637882220292276,-0.0032291392503482896,0.09832918929030843,0.3294967296961113,3.0,2.215632093767061,4.026263488331721
0.012180403376734539,-0.002773137322772179,0.00046984598394761434,0.016219646145180455,-0.002773137322772179,0.002773137322772179,0.002773137322772179,-0.002773137322772179,0.0,0.002773137322772179,0.014938775595959797,0.0991037496823397,0.015313069954325798,-0.002773137322772179,0.09867777554700474,0.32803683450913734,3.0,2.2665528353536706,4.013881956452864
0.01174753356747349,-0.0032756437275001105,0.0005829963744163891,0.016125482788099,-0.0032756437275001105,0.0032756437275001105,0.0032756437275001105,-0.0032756437275001105,0.0,0.0032756437275001105,0.01556718741882257,0.09843949278712483,0.015549161440499226,-0.0032756437275001105,0.09730415271756687,0.33012660010535555,3.0,2.200559704848568,4.058387008102295
0.011753884273048243,-0.002938784611652423,0.0010288345048268255,0.016179688043269636,-0.002938784611652423,0.002938784611652423,0.002938784611652423,-0.002938784611652423,0.0,0.002938784611652423,0.01518338423556731,0.09814752543088723,0.015147549699026541,-0.002938784611652423,0.09979994005277248,0.32786494184411197,3.0,2.2153636242753123,4.061572496769183
0.011928366585100214,-0.00276947030247765,0.0007753561741532522,0.01592631808103029,-0.00276947030247765,0.00276947030247765,0.00276947030247765,-0.00276947030247765,0.0,0.00276947030247765,0.015019461915414922,0.09815465509177912,0.015282775521176184,-0.00276947030247765,0.0983141844780464,0.3295353159276351,3.0,2.229181712388007,4.026354288811326
0.012204918743435655,-0.0034051023797001534,0.0005017290849993472,0.016273379523481957,-0.0034051023797001534,0.0034051023797001534,0.0034051023797001534,-0.0034051023797001534,0.0,0.0034051023797001534,0.01561385264004489,0.098507154240834,0.01573003406939044,-0.0034051023797001534,0.0963460366017177,0.33039496094765397,3.0,2.2452187713476977,4.086649342611003
0.011809172485058639,-0.0026588563555343114,0.0,0.016066159047215756,-0.0026588563555343114,0.0026588563555343114,0.0026588563555343114,-0.0026588563555343114,0.0005118989152679276,0.0026588563555343114,0.015777408378064628,0.09803067108560892,0.014830337476563038,-0.0026588563555343114,0.09731568854725037,0.33048448389236285,3.0,2.22684834614547,4.028673491522543
0.011959527683981008,-0.0032705313200578345,0.0005407796527929776,0.016160783529581835,-0.0032705313200578345,0.0032705313200578345,0.0032705313200578345,-0.0032705313200578345,0.0,0.0032705313200578345,0.015295735985846548,0.09852284086236907,0.01587279673400488,-0.0032705313200578345,0.0979101030715448,0.32917492727179454,3.0,2.2283911120934072,4.028108764329196
0.011336486636770893,-0.0022085997587062423,0.001630579238574903,0.014900522042497144,-0.0022085997587062423,0.0022085997587062423,0.0022085997587062423,-0.0022085997587062423,0.0,0.0022085997587062423,0.014412631964638933,0.09999144984006669,0.014753040260106154,-0.0022085997587062423,0.09999902114207249,0.32735183210583685,3.0,2.2270579456689408,4.029885940186822
0.011471790340001675,-0.002717144347292866,0.0011087715861863856,0.015718462120631216,-0.002717144347292866,0.002717144347292866,0.002717144347292866,-0.002717144347292866,0.0,0.002717144347292866,0.015537548912871735,0.09901554582213734,0.01500243343674601,-0.002717144347292866,0.0980702926259136,0.3289592629746627,3.0,2.2262711526093546,4.032876334391762
0.011414296373485122,-0.0026246682441399827,0.0011239901675494934,0.015561176003427768,-0.0026246682441399827,0.0026246682441399827,0.0026246682441399827,-0.0026246682441399827,0.0,0.0026246682441399827,0.01471921257326958,0.09862225396459134,0.015142950293007829,-0.0026246682441399827,0.09884075532902514,0.3293669970116415,3.0,2.226835319349791,4.032878658991791
0.011786614801430062,-0.0027972839057532894,0.0010777242725135139,0.01587269028470306,-0.0027972839057532894,0.0027972839057532894,0.0027972839057532894,-0.0027972839057532894,0.0,0.0027972839057532894,0.015044528722969908,0.09899197550203365,0.014989076840453919,-0.0027972839057532894,0.09962163738636498,0.327579999567142,3.0,2.2639296263495408,4.016358407448707
0.011014079881950245,-0.003115051444768646,0.0009874880964044763,0.015743850436614082,-0.003115051444768646,0.003115051444768646,0.003115051444768646,-0.003115051444768646,0.0,0.003115051444768646,0.01601804774969029,0.09959440469995862,0.015320168251733435,-0.003115051444768646,0.09797209057313339,0.32863188522714193,3.0,2.1557544331307845,4.029257947838991
0.011300415825592935,-0.0026626290275100217,0.0016145057158922782,0.015498450603676162,-0.0026626290275100217,0.0026626290275100217,0.0026626290275100217,-0.0026626290275100217,0.0,0.0026626290275100217,0.015379155333832273,0.09918614080008936,0.014687745380654427,-0.0026626290275100217,0.09963939132242938,0.327523787517201,3.0,2.2124914547336383,4.063723185269451
0.01137188658697319,-0.002789067474372686,0.0011639591652370385,0.015612212452495555,-0.002789067474372686,0.002789067474372686,0.002789067474372686,-0.002789067474372686,0.0,0.002789067474372686,0.015341752374754769,0.0998304340298457,0.015040771527562669,-0.002789067474372686,0.09980300701053224,0.32679200779882933,3.0,2.212915591177374,4.024067348439852
0.011260089813712959,-0.0031304775526708184,0.0011817365863695528,0.015677615024938696,-0.0031304775526708184,0.0031304775526708184,0.0031304775526708184,-0.0031304775526708184,0.0,0.0031304775526708184,0.0156294743341876,0.09891500877207893,0.015415540340744549,-0.0031304775526708184,0.09749540860680117,0.3297225675456952,3.0,2.196526478401898,4.061989810005473
0.011239778153410818,-0.003341178795890798,0.0004786368216009862,0.015889514518430126,-0.003341178795890798,0.003341178795890798,0.003341178795890798,-0.003341178795890798,0.0,0.003341178795890798,0.016258036783605156,0.09882486146006197,0.0157424019350616,-0.003341178795890798,0.09762965118536027,0.3294452614102177,3.0,2.167410979170092,3.9955958244613257
0.011306579505385272,-0.0033004426144769283,0.0010514520241349246,0.016022366631105456,-0.0033004426144769283,0.0033004426144769283,0.0033004426144769283,-0.0033004426144769283,0.0,0.0033004426144769283,0.015310501847324964,0.09871234454492672,0.01570127202981375,-0.0033004426144769283,0.09911798096822899,0.32824490853541466,3.0,2.213610042629732,4.0265015418387575
0.011954204701048354,-0.0030427925833471647,0.0009430976478776998,0.015702610720654597,-0.0030427925833471647,0.0030427925833471647,0.0030427925833471647,-0.0030427925833471647,0.0,0.0030427925833471647,0.01511643613190028,0.09994621689830918,0.015470704153573323,-0.0030427925833471647,0.09773586735235362,0.3283406184494879,3.0,2.2470563180201735,4.088706616559734
0.011642953309562998,-0.002814784123199132,0.0011388598940866856,0.015701383151518478,-0.002814784123199132,0.002814784123199132,0.002814784123199132,-0.002814784123199132,0.0,0.002814784123199132,0.015062842570567447,0.09878707488625427,0.015423356749806771,-0.002814784123199132,0.09898403835488523,0.32824123867837507,3.0,2.21506075884235,4.065446723559975
0.0118299250918108,-0.002596902609258045,0.0012496532459946863,0.015183221725819429,-0.002596902609258045,0.002596902609258045,0.002596902609258045,-0.002596902609258045,0.0,0.002596902609258045,0.015080785504029137,0.09955884213477173,0.015030707478786098,-0.002596902609258045,0.09868152689158904,0.32814920400831493,3.0,2.2621814388889967,4.0521742833184655
0.011864960434144756,-0.0038278989601758795,0.00015563112967775794,0.016766607820804857,-0.0038278989601758795,0.0038278989601758795,0.0038278989601758795,-0.0038278989601758795,0.0,0.0038278989601758795,0.01580444816511939,0.0989154216938859,0.016224432984224713,-0.0038278989601758795,0.09675589878746127,0.32950746141671505,3.0,2.1965263400520745,4.0628137612805535
0.011780786669716825,-0.003497050066657792,0.00020112210873168834,0.016543776129810617,-0.003497050066657792,0.003497050066657792,0.003497050066657792,-0.003497050066657792,0.0,0.003497050066657792,0.015642221274402957,0.09956317430622708,0.015988559580528694,-0.003497050066657792,0.0978467445564446,0.32809762891265315,3.0,2.211424674527565,4.026532216091879
0.011212412213919443,-0.003688979132722814,0.00023990330302936513,0.016920135625687394,-0.003688979132722814,0.003688979132722814,0.003688979132722814,-0.003688979132722814,0.0,0.003688979132722814,0.015880550432652463,0.09772141333885997,0.01616123376137324,-0.003688979132722814,0.09805813302689081,0.32966216090216793,3.0,2.168179928508,3.996054838880237
0.0120510052673648,-0.0037335719855988714,0.0008576275676919209,0.016172616276288743,-0.0037335719855988714,0.0037335719855988714,0.0037335719855988714,-0.0037335719855988714,0.0,0.0037335719855988714,0.015236217302367905,0.09985938517522275,0.01548788925370026,-0.0037335719855988714,0.09765729124207567,0.32857850337274463,3.0,2.2196374549623994,4.119128629025051
0.011911012200560123,-0.003498771633776876,0.0003682454619173825,0.0156708098335141,-0.003498771633776876,0.003498771633776876,0.003498771633776876,-0.003498771633776876,0.0,0.003498771633776876,0.01637651511826732,0.09917831411896749,0.015447066013948074,-0.003498771633776876,0.09695604010478576,0.32975773225367444,3.0,2.199369395712467,4.059698123401098
0.01181400639357566,-0.003447986117264712,0.0005583458791580398,0.01658450261458011,-0.003447986117264712,0.003447986117264712,0.003447986117264712,-0.003447986117264712,0.0,0.003447986117264712,0.015873494781463826,0.09836198377449445,0.015540042973470669,-0.003447986117264712,0.09793939772006244,0.3289431754523173,3.0,2.214308582335361,4.063382225544925
0.011359082074615223,-0.004035588364014409,0.0,0.016687058796677867,-0.004035588364014409,0.004035588364014409,0.004035588364014409,-0.004035588364014409,0.00010027359543141046,0.004035588364014409,0.016228452290466322,0.09782215186362553,0.016863976138097314,-0.004035588364014409,0.09597255401783045,0.3311690030591281,3.0,2.154001637532354,4.029600377834524
0.012830771103388372,-0.0017048363529612587,0.0,0.03183405816826568,-0.0017048363529612587,0.0017048363529612587,0.0017048363529612587,-0.0017048363529612587,3.1798515272463135e-5,0.0017048363529612587,0.0023384750330999182,0.030752549974200072,0.03100583950139857,-0.0017048363529612587,0.03017444283674564,0.44490386469244836,4.0,2.8329406506651833,3.4739028456640106
0.01210976379211015,-0.0010322013449286516,0.0,0.03123952365389382,-0.0010322013449286516,0.0010322013449286516,0.0010322013449286516,-0.0010322013449286516,0.0006331333586739873,0.0010322013449286516,0.0021333590243735046,0.030574010797691287,0.03001461575033293,-0.0010322013449286516,0.02981339858302512,0.44668135985668567,4.0,2.7964134545675594,3.4375338649206237
0.0120806558539579,-0.001362047157184243,0.0,0.031006675324077193,-0.001362047157184243,0.001362047157184243,0.001362047157184243,-0.001362047157184243,0.0005044378042207143,0.001362047157184243,0.002628758476276971,0.030983704153798364,0.03033263596979552,-0.001362047157184243,0.030317567564694947,0.44567457548222045,4.0,2.7658243584363995,3.4560200926540143
0.012553298907850063,-0.0013954754679579295,0.0,0.03149179905845312,-0.0013954754679579295,0.0013954754679579295,0.0013954754679579295,-0.0013954754679579295,0.0006706905315958522,0.0013954754679579295,0.00264791631946526,0.029956600802147904,0.030061172398480274,-0.0013954754679579295,0.029179852934230865,0.4470011079875924,4.0,2.810466354904648,3.499978767740852
0.01238064817678275,-0.0014641139941966586,0.0,0.0315178384846071,-0.0014641139941966586,0.0014641139941966586,0.0014641139941966586,-0.0014641139941966586,0.000750164783356766,0.0014641139941966586,0.002774356843702641,0.030058778567982003,0.030375396121471,-0.0014641139941966586,0.028989188405761368,0.44678470608239085,4.0,2.7996275106632518,3.493562421440057
0.012585489082891144,-0.0008936013193343584,0.0,0.030708332552857875,-0.0008936013193343584,0.0008936013193343584,0.0008936013193343584,-0.0008936013193343584,0.0006513277418083163,0.0008936013193343584,0.002385223028525729,0.030997154362922608,0.0296096367525136,-0.0008936013193343584,0.02974044728156766,0.44638295398810524,4.0,2.844960596467499,3.4776301098550264
0.012754396756837316,-0.0013312845689430475,0.00024748375306948844,0.03079885554506756,-0.0013312845689430475,0.0013312845689430475,0.0013312845689430475,-0.0013312845689430475,0.0,0.0013312845689430475,0.0026549215657656333,0.031243135984070136,0.03064676996115434,-0.0013312845689430475,0.029988532514648725,0.44516415196018766,4.0,2.8409974803986793,3.480933045172063
0.012613050469713727,-0.001890815655968936,0.0003817784114605871,0.031632073900139446,-0.001890815655968936,0.001890815655968936,0.001890815655968936,-0.001890815655968936,0.0,0.001890815655968936,0.0029714222840464544,0.030484222719215026,0.031146029363352312,-0.001890815655968936,0.03148962853921056,0.44333957344068864,4.0,2.7995640394645593,3.4948250429056675
0.012611268453951219,-0.0016540401045714859,0.0,0.03120650092558286,-0.0016540401045714859,0.0016540401045714859,0.0016540401045714859,-0.0016540401045714859,0.00022577058384865012,0.0016540401045714859,0.0033018583794754974,0.0313340037492269,0.030900915465648104,-0.0016540401045714859,0.02892867864948201,0.44531200736921406,4.0,2.809291374095406,3.503242277790498
0.01298538849958053,-0.0019483243717752785,0.0002516298425474517,0.031544271169368976,-0.0019483243717752785,0.0019483243717752785,0.0019483243717752785,-0.0019483243717752785,0.0,0.0019483243717752785,0.003131614188889742,0.029761951441316548,0.030284654132929134,-0.0019483243717752785,0.03006297673983127,0.44609280182916944,4.0,2.8366503734441264,3.52835850667469
0.013079787639679097,-0.0016866270571505027,0.0,0.0316621489977269,-0.0016866270571505027,0.0016866270571505027,0.0016866270571505027,-0.0016866270571505027,8.861792076775288e-5,0.0016866270571505027,0.00268564331198462,0.030328037379114825,0.030334324139698943,-0.0016866270571505027,0.030502455246201876,0.4451725758938343,4.0,2.8714721462727413,3.506360694541007
0.012573855158377611,-0.0014730901381536654,0.0,0.03043810792615176,-0.0014730901381536654,0.0014730901381536654,0.0014730901381536654,-0.0014730901381536654,0.0002426695490838071,0.0014730901381536654,0.00282245322768393,0.031119590696491173,0.03046862254344429,-0.0014730901381536654,0.03111354971105751,0.4448612047977214,4.0,2.7990985923008194,3.4947264253621784
0.012235506716332445,-0.001465420508069748,0.0,0.03142762095288987,-0.001465420508069748,0.001465420508069748,0.001465420508069748,-0.001465420508069748,0.0009735978002778367,0.001465420508069748,0.0025002752883667156,0.030722462149687324,0.030648945388867865,-0.001465420508069748,0.02935575825837411,0.4457682174251314,4.0,2.806459650313089,3.5015557677447533
0.012141176741375936,-0.0017766411219772849,0.0,0.03170902770521877,-0.0017766411219772849,0.0017766411219772849,0.0017766411219772849,-0.0017766411219772849,0.0003848728980235805,0.0017766411219772849,0.0030090914395763946,0.02994685509701256,0.030857091938254477,-0.0017766411219772849,0.029142067470250943,0.44675342130412243,4.0,2.7610488175235064,3.4581713604043944
0.012360048081161423,-0.0013818443413589065,0.0,0.030832755303729975,-0.0013818443413589065,0.0013818443413589065,0.0013818443413589065,-0.0013818443413589065,0.0005656881062101604,0.0013818443413589065,0.002572486278324071,0.03197159516291492,0.030243265252322793,-0.0013818443413589065,0.02950953221455066,0.4454934374140027,4.0,2.8297634280824346,3.4735312000043157
0.012894207947454994,-0.0020337118516442487,0.0,0.030926946902638974,-0.0020337118516442487,0.0020337118516442487,0.0020337118516442487,-0.0020337118516442487,0.00035181885424862003,0.0020337118516442487,0.0028979372504496226,0.03039016713663223,0.030751867518254983,-0.0020337118516442487,0.029838976071978607,0.44614875364184403,4.0,2.7983605202684627,3.5444009356720687
0.013022856488145607,-0.0021528166748074895,5.712446076433508e-5,0.03151810290154522,-0.0021528166748074895,0.0021528166748074895,0.0021528166748074895,-0.0021528166748074895,0.0,0.0021528166748074895,0.003323607249473781,0.030245509591780184,0.030536080644611552,-0.0021528166748074895,0.03000052160140143,0.4456159772089432,4.0,2.797478029311455,3.54268340491214
0.013057335175159501,-0.0017015929304866617,0.0,0.031166020940815997,-0.0017015929304866617,0.0017015929304866617,0.0017015929304866617,-0.0017015929304866617,9.959919434798792e-5,0.0017015929304866617,0.0029184806640190075,0.03037207477085424,0.03048424214177814,-0.0017015929304866617,0.02972141640077197,0.44604938711459763,4.0,2.839998864428208,3.525882670967205
0.012619064491393495,-0.002276285602091477,0.0,0.03173871606132561,-0.002276285602091477,0.002276285602091477,0.002276285602091477,-0.002276285602091477,0.000815314887033125,0.002276285602091477,0.0029636196321423114,0.030221260819486062,0.03074933948203107,-0.002276285602091477,0.028984537576514313,0.4463513961240233,4.0,2.794308279886118,3.5439592614950532
0.012220210842595947,-0.0014371390944196705,0.0,0.0307507676526404,-0.0014371390944196705,0.0014371390944196705,0.0014371390944196705,-0.0014371390944196705,0.001033940770644115,0.0014371390944196705,0.00283315339127288,0.031359914508665376,0.030166450181058124,-0.0014371390944196705,0.029526191897900844,0.4457134733214998,4.0,2.808546092949152,3.5020089425258356
0.01247399571286767,-0.002001340806118357,0.0,0.03135826056098878,-0.002001340806118357,0.002001340806118357,0.002001340806118357,-0.002001340806118357,0.0005356709143811145,0.002001340806118357,0.0030471801684521793,0.029987963437422493,0.03143246616252959,-0.002001340806118357,0.027995363286276387,0.44733740403505795,4.0,2.7984689082691316,3.4959160291426423
0.01263545000043198,-0.0010369687368534386,0.0002937636780186992,0.03053039685614145,-0.0010369687368534386,0.0010369687368534386,0.0010369687368534386,-0.0010369687368534386,0.0,0.0010369687368534386,0.001407061234234952,0.03150715985984487,0.030424707564727704,-0.0010369687368534386,0.031793344727953254,0.44461204828735834,4.0,2.8688111730944152,3.4027070938054544
0.012004833136580295,-0.0010448918198733281,0.0004713413439763059,0.03122077783254351,-0.0010448918198733281,0.0010448918198733281,0.0010448918198733281,-0.0010448918198733281,0.0,0.0010448918198733281,0.0015596686943704086,0.03164741934222892,0.030180482364598582,-0.0010448918198733281,0.033126904473054886,0.44300042810437823,4.0,2.810051594195331,3.397860153569351
0.0126686590061178,-0.001341277219879089,4.536174387492764e-5,0.03147222858260079,-0.001341277219879089,0.001341277219879089,0.001341277219879089,-0.001341277219879089,0.0,0.001341277219879089,0.002482163473425558,0.03185345657234606,0.030288494059596438,-0.001341277219879089,0.029878877283015193,0.44481899997076013,4.0,2.8574287312955735,3.444254903282378
0.012900565790013196,-0.001428173817849654,0.00030161924754601444,0.031379539309633664,-0.001428173817849654,0.001428173817849654,0.001428173817849654,-0.001428173817849654,0.0,0.001428173817849654,0.001971471304551109,0.0297442115483344,0.029760159734204983,-0.001428173817849654,0.031092322347563872,0.44644524800786023,4.0,2.8869412920187782,3.466166260654092
0.013109741882151305,-0.0011279735277112124,9.325310773089512e-5,0.031043464126882192,-0.0011279735277112124,0.0011279735277112124,0.0011279735277112124,-0.0011279735277112124,0.0,0.0011279735277112124,0.0018392130678881458,0.030836380818241693,0.02989655977920691,-0.0011279735277112124,0.03118839791269945,0.44528792630476843,4.0,2.9087674633875014,3.433334789967018
0.012370527566544887,-0.0011567151342219972,0.0,0.030830901607088457,-0.0011567151342219972,0.0011567151342219972,0.0011567151342219972,-0.0011567151342219972,0.0002453632069920886,0.0011567151342219972,0.0017477901065001689,0.03156992628128741,0.03082239829368305,-0.0011567151342219972,0.031090834414880142,0.4446459371291036,4.0,2.811506299086078,3.4004917874971468
0.012329589773689698,-0.0008322213970117787,0.0,0.03122316473279252,-0.0008322213970117787,0.0008322213970117787,0.0008322213970117787,-0.0008322213970117787,0.0007668738364605687,0.0008322213970117787,0.0019987042975850855,0.03125512943701203,0.030412089675348142,-0.0008322213970117787,0.029562880892769705,0.44545075222321184,4.0,2.8620702601486645,3.440444631196056
0.01227453379320842,-0.0014382655560627455,0.0,0.03177634663341955,-0.0014382655560627455,0.0014382655560627455,0.0014382655560627455,-0.0014382655560627455,0.00030722813899863866,0.0014382655560627455,0.0020754401048037607,0.030097276169312792,0.031089331478568738,-0.0014382655560627455,0.02929699545678055,0.4466880772528281,4.0,2.809855277929,3.4010009375422485
0.012518883056797492,-0.0008218750116633089,0.0,0.03131555840520939,-0.0008218750116633089,0.0008218750116633089,0.0008218750116633089,-0.0008218750116633089,0.0004644624459038127,0.0008218750116633089,0.0018026289786341465,0.0311223530278264,0.03005017807826338,-0.0008218750116633089,0.030526298136052787,0.4451884763548337,4.0,2.8691460813713197,3.4008929197751003
0.012694718461967014,-0.0015689724302587749,0.0,0.030944843344575368,-0.0015689724302587749,0.0015689724302587749,0.0015689724302587749,-0.0015689724302587749,0.00021459827125802633,0.0015689724302587749,0.0022239874322034225,0.03148990045112576,0.030676685783517676,-0.0015689724302587749,0.029892261188566138,0.4455989409689032,4.0,2.834226566214716,3.467865264605004
0.01288121555749644,-0.001622534139764653,0.0001618427523810695,0.031544669827722416,-0.001622534139764653,0.001622534139764653,0.001622534139764653,-0.001622534139764653,0.0,0.001622534139764653,0.0020823194334749218,0.03087364421191019,0.030469344500509088,-0.001622534139764653,0.03080291082533737,0.44497355050279097,4.0,2.8319599090384,3.4659423012091217
0.013010124912564258,-0.0010112746615664747,0.00013384185629394807,0.030925620798358366,-0.0010112746615664747,0.0010112746615664747,0.0010112746615664747,-0.0010112746615664747,0.0,0.0010112746615664747,0.001921134283929149,0.031146674285984943,0.029856587407107504,-0.0010112746615664747,0.030835498931907956,0.44534875565727816,4.0,2.8630229620295244,3.4369470918182574
0.01279764520440807,-0.0013875389059965215,0.0,0.03122486462810592,-0.0013875389059965215,0.0013875389059965215,0.0013875389059965215,-0.0013875389059965215,0.0005248699417981229,0.0013875389059965215,0.002536561391379699,0.030687812090846478,0.030188785655783867,-0.0013875389059965215,0.02885789312069509,0.4467360703448371,4.0,2.8676041747991063,3.500278150196825
0.012506680885351784,-0.000539517508533649,0.0,0.030630137282377845,-0.000539517508533649,0.000539517508533649,0.000539517508533649,-0.000539517508533649,0.0008915370857378591,0.000539517508533649,0.0023452866782713855,0.031112365983625878,0.02944082331945186,-0.000539517508533649,0.029824586986710422,0.44595506275886443,4.0,2.8680860579749954,3.448244375941241
0.012709936236853459,-0.0014150682993694375,0.0,0.03107752431974209,-0.0014150682993694375,0.0014150682993694375,0.0014150682993694375,-0.0014150682993694375,0.00037693739269339943,0.0014150682993694375,0.0022537069620582884,0.030819539830932108,0.030566052420606837,-0.0014150682993694375,0.02921141654200987,0.4465669180663312,4.0,2.855546695893315,3.4412461895832673
0.012447593382177935,-0.0008797608864430373,0.0007797419704980157,0.030445069049823914,-0.0008797608864430373,0.0008797608864430373,0.0008797608864430373,-0.0008797608864430373,0.0,0.0008797608864430373,0.0017912164219744398,0.032018249153647815,0.02982723072025717,-0.0008797608864430373,0.0319937232890366,0.44374390037088496,4.0,2.8547052800123427,3.443612411273532
0.01286046068452773,-0.0014999004408045025,0.00010741954051418645,0.03138094616820908,-0.0014999004408045025,0.0014999004408045025,0.0014999004408045025,-0.0014999004408045025,0.0,0.0014999004408045025,0.0026465490059033314,0.031150305609051188,0.03117898473838565,-0.0014999004408045025,0.02899054048377714,0.445351657682294,4.0,2.866058361437402,3.451812935080974
0.012551713466665504,-0.0011195685389893129,0.0005047534541802179,0.0308707224982534,-0.0011195685389893129,0.0011195685389893129,0.0011195685389893129,-0.0011195685389893129,0.0,0.0011195685389893129,0.002123867388959866,0.030922409873682,0.030112063121659816,-0.0011195685389893129,0.03041414145199184,0.4457868607554545,4.0,2.8584081085381334,3.44199449855829
0.012857814164709325,-0.00106260898677224,0.000376831778989839,0.03096212714813351,-0.00106260898677224,0.00106260898677224,0.00106260898677224,-0.00106260898677224,0.0,0.00106260898677224,0.0019168957463664427,0.03181121477559401,0.02993105964506615,-0.00106260898677224,0.03137621239643096,0.4439974168033398,4.0,2.9061658928234206,3.435595643923984
0.01243345828374931,-0.0015032021669698636,0.0006154099385842215,0.03109204079158623,-0.0015032021669698636,0.0015032021669698636,0.0015032021669698636,-0.0015032021669698636,0.0,0.0015032021669698636,0.0024151625273551858,0.03203496122651295,0.030215562084633163,-0.0015032021669698636,0.030659484128833014,0.4442040866575736,4.0,2.8316841581368575,3.4693288682077865
0.012816980791796162,-0.001465406989700213,0.0006151135916612205,0.03155569989966445,-0.001465406989700213,0.001465406989700213,0.001465406989700213,-0.001465406989700213,0.0,0.001465406989700213,0.002188381015843177,0.03078258252818955,0.0293791142715234,-0.001465406989700213,0.0316374746296324,0.44465702373324767,4.0,2.866413700325913,3.5002179040256203
0.01267301050041958,-0.0009702071060422313,0.0009168694886527717,0.030703718288533466,-0.0009702071060422313,0.0009702071060422313,0.0009702071060422313,-0.0009702071060422313,0.0,0.0009702071060422313,0.001539389144030956,0.03247565747614978,0.029144347680776228,-0.0009702071060422313,0.03280287152711647,0.4428813064722208,4.0,2.8874103283391217,3.4656327917914953
0.012902342818399859,-0.0017663391552185104,0.00011347280754137046,0.03138642446823159,-0.0017663391552185104,0.0017663391552185104,0.0017663391552185104,-0.0017663391552185104,0.0,0.0017663391552185104,0.002967744514224435,0.030688190186853426,0.03049640333906023,-0.0017663391552185104,0.029012860790033734,0.4463658637027317,4.0,2.865501558708691,3.5027716398009203
0.012722742590664637,-0.0015438817790744963,3.286314033434934e-5,0.030965465107342105,-0.0015438817790744963,0.0015438817790744963,0.0015438817790744963,-0.0015438817790744963,0.0,0.0015438817790744963,0.002742303144613878,0.03165474115215705,0.03079740191074798,-0.0015438817790744963,0.029457120686307903,0.4453382075187644,4.0,2.860067183824837,3.441023763332111
0.012837860384395938,-0.001635223202349323,0.00021226527495521452,0.031374689229666686,-0.001635223202349323,0.001635223202349323,0.001635223202349323,-0.001635223202349323,0.0,0.001635223202349323,0.002446847210773484,0.03053926199865309,0.03019784437198858,-0.001635223202349323,0.03027944808336258,0.44591397012041156,4.0,2.886051510854824,3.4672344470565712
0.013141936937413945,-0.0019083444686236462,6.379195012229388e-6,0.03134775262174916,-0.0019083444686236462,0.0019083444686236462,0.0019083444686236462,-0.0019083444686236462,0.0,0.0019083444686236462,0.0023936772394819172,0.031389037066385406,0.03114661997349888,-0.0019083444686236462,0.029279580442190145,0.4453703244647498,4.0,2.869347838711024,3.503203305222164
0.012610276414583232,-0.0011869422980304023,0.00041205302023783474,0.031178545743013153,-0.0011869422980304023,0.0011869422980304023,0.0011869422980304023,-0.0011869422980304023,0.0,0.0011869422980304023,0.0021979329197838737,0.030750429920696654,0.03027466195651929,-0.0011869422980304023,0.03005043024091858,0.4458795755541356,4.0,2.8310000410019116,3.4688944776876114
0.012944333225207494,-0.001047876377313628,0.00023123789068790757,0.030494839966611842,-0.001047876377313628,0.001047876377313628,0.001047876377313628,-0.001047876377313628,0.0,0.001047876377313628,0.002123367748080973,0.03162008318075937,0.029857267056541126,-0.001047876377313628,0.031108718528087387,0.44483499225319534,4.0,2.887772920708352,3.466657002129142
0.012278074633683467,-0.0016600099633024001,0.0,0.031533403014026185,-0.0016600099633024001,0.0016600099633024001,0.0016600099633024001,-0.0016600099633024001,0.000725218909368941,0.0016600099633024001,0.002282263358091896,0.03146608273019691,0.031182623412789212,-0.0016600099633024001,0.02850463958031746,0.44585466779668614,4.0,2.8277004453016192,3.470760628062171
0.012386424484564174,-0.0012973262403335184,0.0,0.031401558205155666,-0.0012973262403335184,0.0012973262403335184,0.0012973262403335184,-0.0012973262403335184,0.0006477849068211583,0.0012973262403335184,0.0022942004702066754,0.03205755989498371,0.031097228838737223,-0.0012973262403335184,0.029691344409540577,0.44388818850218215,4.0,2.854202510271772,3.4448030991187406
0.012091194631298485,-0.0016982373807330475,0.0,0.031513860674178495,-0.0016982373807330475,0.0016982373807330475,0.0016982373807330475,-0.0016982373807330475,0.00028061728865402813,0.0016982373807330475,0.0023302322791494134,0.030783989116955013,0.03080873527565675,-0.0016982373807330475,0.029569361460461963,0.4464872101262367,4.0,2.8074241381888267,3.4016397467507242
0.013386011982306378,-0.0022778467226078902,0.0001036326496768325,0.03146063357209883,-0.0022778467226078902,0.0022778467226078902,0.0022778467226078902,-0.0022778467226078902,0.0,0.0022778467226078902,0.002588061289671373,0.030823202953216722,0.030557626651837033,-0.0022778467226078902,0.02922417326818394,0.4463014678274746,4.0,2.8691639393162296,3.555911464379833
0.013210805572014372,-0.0016833117434211786,6.053821366869272e-6,0.03066668374527115,-0.0016833117434211786,0.0016833117434211786,0.0016833117434211786,-0.0016833117434211786,0.0,0.0016833117434211786,0.0026669262763601154,0.03168053571039575,0.02992490452348484,-0.0016833117434211786,0.030420246155300035,0.44527411941108586,4.0,2.869765237235211,3.5015138019826915
0.013036305394245495,-0.0016695205117409628,0.0002127481963283273,0.031326561741864545,-0.0016695205117409628,0.0016695205117409628,0.0016695205117409628,-0.0016695205117409628,0.0,0.0016695205117409628,0.002447485067468058,0.03061933639227732,0.030287248928610566,-0.0016695205117409628,0.029766308159206112,0.44614049010359835,4.0,2.8683854738749948,3.4998315485146776
0.012289885037171544,-0.001773438042897979,0.0,0.03135555499545717,-0.001773438042897979,0.001773438042897979,0.001773438042897979,-0.001773438042897979,0.0007317706594758278,0.001773438042897979,0.00245126956918984,0.031231809030274782,0.0310923163899659,-0.001773438042897979,0.028876483019955934,0.4459113128132648,4.0,2.8281337269056825,3.4689339073603653
0.013048326950662492,-0.0014046652415649064,0.000420524411955725,0.031237235992666257,-0.0014046652415649064,0.0014046652415649064,0.0014046652415649064,-0.0014046652415649064,0.0,0.0014046652415649064,0.0017532475564001615,0.030614557539067278,0.029879950345714335,-0.0014046652415649064,0.031201322457121705,0.44541646345983477,4.0,2.897792495106692,3.475255738182155
0.011863169934622775,-0.0012335472951985338,0.0008145104177463836,0.031481673550596945,-0.0012335472951985338,0.0012335472951985338,0.0012335472951985338,-0.0012335472951985338,0.0,0.0012335472951985338,0.0021320484078755086,0.030522534741835194,0.03037275540905604,-0.0012335472951985338,0.03250216385833582,0.4437116544469877,4.0,2.7997490000972074,3.432585155216184
0.012693958940917405,-0.0017484441640824855,5.075893513950547e-5,0.031022433654381842,-0.0017484441640824855,0.0017484441640824855,0.0017484441640824855,-0.0017484441640824855,0.0,0.0017484441640824855,0.0028579582680992033,0.031119400226375937,0.029986982282484753,-0.0017484441640824855,0.03032871916886748,0.44585519615967417,4.0,2.8339767564207152,3.4712880613857537
0.012994753231059697,-0.0016594897425372679,0.0004693516016169852,0.03178457246667232,-0.0016594897425372679,0.0016594897425372679,0.0016594897425372679,-0.0016594897425372679,0.0,0.0016594897425372679,0.0021817803478727527,0.02952244528028558,0.03003058174522444,-0.0016594897425372679,0.0315985731749171,0.4452443953667462,4.0,2.874357243802265,3.502595459684457
0.012867920915512698,-0.0012378427694956784,0.00048543816652024674,0.031143132114682004,-0.0012378427694956784,0.0012378427694956784,0.0012378427694956784,-0.0012378427694956784,0.0,0.0012378427694956784,0.00223635436908598,0.030840561940305378,0.029420100429303098,-0.0012378427694956784,0.0317849580619578,0.4446263402439863,4.0,2.8996663852556437,3.474494467437281
0.012589697717066528,-0.0013423947698418814,0.000163230490347388,0.03138811690692922,-0.0013423947698418814,0.0013423947698418814,0.0013423947698418814,-0.0013423947698418814,0.0,0.0013423947698418814,0.0024308015217267,0.03020577063062646,0.029919890355489365,-0.0013423947698418814,0.03185728852558789,0.44495456209392614,4.0,2.835018334640596,3.469378612861769
0.01310221827232283,-0.0016908883664905616,0.0,0.03173744803749923,-0.0016908883664905616,0.0016908883664905616,0.0016908883664905616,-0.0016908883664905616,0.00012645144790646157,0.0016908883664905616,0.0025826516885363304,0.030632393399105062,0.029955120656823375,-0.0016908883664905616,0.02922206779745995,0.44649950053869514,4.0,2.8718848743010867,3.5011663411499754
0.012742068552494601,-0.0016476322018244005,0.0,0.03232729728711892,-0.0016476322018244005,0.0016476322018244005,0.0016476322018244005,-0.0016476322018244005,0.0002316110641675806,0.0016476322018244005,0.0023840690867471537,0.029033811939155996,0.030286388527090757,-0.0016476322018244005,0.03020869002033244,0.44660065919657477,4.0,2.8344619324381477,3.471786426901842
0.013076989337630351,-0.0013630393913786065,3.1373459512984425e-5,0.031722254898716606,-0.0013630393913786065,0.0013630393913786065,0.0013630393913786065,-0.0013630393913786065,0.0,0.0013630393913786065,0.002111801282530301,0.03061740452660633,0.029711794930781465,-0.0013630393913786065,0.030611496370894997,0.4456468880565634,4.0,2.8981946504476053,3.473470492059199
0.012623699513387265,-0.0018794216318349655,4.976332744277556e-5,0.031421953292604776,-0.0018794216318349655,0.0018794216318349655,0.0018794216318349655,-0.0018794216318349655,0.0,0.0018794216318349655,0.0027788577602541054,0.030674392861330446,0.03051893050371124,-0.0018794216318349655,0.029855978069988964,0.4461228097749732,4.0,2.803412832779975,3.4911737610397715
0.012772147184883842,-0.0017208576486442695,0.00023933796475095193,0.03175723382065421,-0.0017208576486442695,0.0017208576486442695,0.0017208576486442695,-0.0017208576486442695,0.0,0.0017208576486442695,0.002876978061302715,0.03002130099296263,0.030320292151739814,-0.0017208576486442695,0.03135580729208165,0.4445447236521263,4.0,2.814657357422916,3.4966947502222343
0.012639842334029261,-0.0011580025890483014,0.00027705589297433164,0.031060190013274536,-0.0011580025890483014,0.0011580025890483014,0.0011580025890483014,-0.0011580025890483014,0.0,0.0011580025890483014,0.00266419227723258,0.030614717623688392,0.029966103279006617,-0.0011580025890483014,0.03110007993773145,0.44500278470296895,4.0,2.848041497526261,3.473460260620643
0.01283351531965149,-0.0018979423443727939,0.0,0.031911117455732274,-0.0018979423443727939,0.0018979423443727939,0.0018979423443727939,-0.0018979423443727939,0.00030678240920600786,0.0018979423443727939,0.0030918449796351055,0.029454655609719715,0.030477209131100302,-0.0018979423443727939,0.0286262108849753,0.4473635700262104,4.0,2.840337567683229,3.523207766153382
0.012567922352183736,-0.0012515568561797252,0.0,0.0310388228613121,-0.0012515568561797252,0.0012515568561797252,0.0012515568561797252,-0.0012515568561797252,0.0006128167409231722,0.0012515568561797252,0.002909539351521495,0.030657999156818327,0.02944861830247003,-0.0012515568561797252,0.029891524857914575,0.4462912767048941,4.0,2.8453554740171376,3.4750613116112468
0.012955181065573917,-0.0017702429197363756,0.0,0.0318029671935145,-0.0017702429197363756,0.0017702429197363756,0.0017702429197363756,-0.0017702429197363756,4.5861254415413555e-5,0.0017702429197363756,0.0023438201929151248,0.030039685551392914,0.030829436953280442,-0.0017702429197363756,0.029948927455191843,0.44597132672531004,4.0,2.8469806000683264,3.4761021439744573
0.012321798441142562,-0.0008868159495749595,0.0011377600648492248,0.030501229149715314,-0.0008868159495749595,0.0008868159495749595,0.0008868159495749595,-0.0008868159495749595,0.0,0.0008868159495749595,0.0020473566265435394,0.031178780811606188,0.029424034850806358,-0.0008868159495749595,0.033097720287174504,0.4433450991895951,4.0,2.843996180977866,3.4762314417931366
0.012864845897921029,-0.001733760138774798,0.0003263516141016609,0.03129335849276327,-0.001733760138774798,0.001733760138774798,0.001733760138774798,-0.001733760138774798,0.0,0.001733760138774798,0.002681752509717583,0.031082547210031564,0.030103745129657966,-0.001733760138774798,0.03062956101923664,0.4449185617372029,4.0,2.842273493031916,3.478327147950094
0.012695471446209083,-0.0013853484448427267,0.0005354820177858599,0.031132285014606964,-0.0013853484448427267,0.0013853484448427267,0.0013853484448427267,-0.0013853484448427267,0.0,0.0013853484448427267,0.0026734904912348867,0.030202576845607787,0.030038502708070958,-0.0013853484448427267,0.030552064731312,0.445722438661873,4.0,2.844031967329049,3.4794744255804884
0.012950500020977529,-0.0015960624673105883,0.0005303714345581412,0.03120579377330923,-0.0015960624673105883,0.0015960624673105883,0.0015960624673105883,-0.0015960624673105883,0.0,0.0015960624673105883,0.0020001018110873403,0.03088503273071108,0.030097630476445758,-0.0015960624673105883,0.031342783540646124,0.4447508121514332,4.0,2.89659171262255,3.4764510109571716
0.012057304989111728,-0.0016923610562837865,0.0006461943466398168,0.030755154153165876,-0.0016923610562837865,0.0016923610562837865,0.0016923610562837865,-0.0016923610562837865,0.0,0.0016923610562837865,0.002464834777287095,0.03171997983744568,0.030131916325311536,-0.0016923610562837865,0.03199423865681794,0.44408970144236193,4.0,2.765819020495818,3.4567179287372207
0.012267011697237429,-0.0011426710204309742,0.0010596118611143623,0.030932518275950116,-0.0011426710204309742,0.0011426710204309742,0.0011426710204309742,-0.0011426710204309742,0.0,0.0011426710204309742,0.0030018792432766617,0.03115796552601413,0.029723123090064973,-0.0011426710204309742,0.03213838114941847,0.44302914364921264,4.0,2.81264997183854,3.499227025125246
0.012372458401501696,-0.001390735173576907,0.0008722140525687649,0.030872738673892286,-0.001390735173576907,0.001390735173576907,0.001390735173576907,-0.001390735173576907,0.0,0.001390735173576907,0.0023434214186117686,0.031150772819981576,0.029563284506878063,-0.001390735173576907,0.032722691959045314,0.44366011681295525,4.0,2.834843756750432,3.470771828727366
0.012711783085116224,-0.0022404252474776953,0.0004903955769481882,0.031055846681980803,-0.0022404252474776953,0.0022404252474776953,0.0022404252474776953,-0.0022404252474776953,0.0,0.0022404252474776953,0.0029888052720101754,0.030577564209137265,0.03060684868637953,-0.0022404252474776953,0.03003742782710539,0.44593871738065793,4.0,2.8005585968148026,3.4951645589718274
0.012460347948458406,-0.001984073312203627,0.0001265942642820761,0.031074092493155625,-0.001984073312203627,0.001984073312203627,0.001984073312203627,-0.001984073312203627,0.0,0.001984073312203627,0.002954566690920757,0.031364165087341966,0.030566864312853603,-0.001984073312203627,0.03095908870494224,0.44464531728210677,4.0,2.7981084511572276,3.4374337708330227
0.012537063037057372,-0.0019232444208610033,0.0006562859260386134,0.03152803028831119,-0.0019232444208610033,0.0019232444208610033,0.0019232444208610033,-0.0019232444208610033,0.0,0.0019232444208610033,0.0023315412815261283,0.030206688455952424,0.030330883069074943,-0.0019232444208610033,0.03199348861577711,0.44450622721898103,4.0,2.8351498730886044,3.4740646241599364
0.012957499793579075,-0.0019338599153568836,0.00022325723106320083,0.030955852633455017,-0.0019338599153568836,0.0019338599153568836,0.0019338599153568836,-0.0019338599153568836,0.0,0.0019338599153568836,0.002892130850427499,0.030382764285596053,0.030075196304864882,-0.0019338599153568836,0.03018432732446996,0.446429794963759,4.0,2.83942734913895,3.5248027795669876
0.012579584156113377,-0.0013969505072211064,0.0005164150597423145,0.030991824255194977,-0.0013969505072211064,0.0013969505072211064,0.0013969505072211064,-0.0013969505072211064,0.0,0.0013969505072211064,0.0028654875804070556,0.0301583821507867,0.029976658366877906,-0.0013969505072211064,0.03132982985326027,0.4451457325566963,4.0,2.8129733001458077,3.499581507086746
0.012930113649854746,-0.0014962754027205705,0.0003068151209442149,0.030708176812729526,-0.0014962754027205705,0.0014962754027205705,0.0014962754027205705,-0.0014962754027205705,0.0,0.0014962754027205705,0.002617700331979833,0.030757021503887927,0.029509856719183603,-0.0014962754027205705,0.030890165531835656,0.4459433892041629,4.0,2.8730977686116352,3.501425151123585
0.012536009546083804,-0.0022861142188626005,0.0,0.03194780662439012,-0.0022861142188626005,0.0022861142188626005,0.0022861142188626005,-0.0022861142188626005,0.0005019572375317694,0.0022861142188626005,0.003005506482551823,0.029979862448937133,0.031085325887620918,-0.0022861142188626005,0.028400494715739022,0.4469961147478658,4.0,2.798342036616806,3.4944692948442406
0.012536085749620618,-0.001967834493777687,0.0,0.03125185891638882,-0.001967834493777687,0.001967834493777687,0.001967834493777687,-0.001967834493777687,0.0003862663927138854,0.001967834493777687,0.002612261957370521,0.031500229925959466,0.0307808900580131,-0.001967834493777687,0.02946795178391426,0.44559925318165483,4.0,2.8308084177390005,3.471180177738128
0.012271511031999083,-0.0021312072688211003,0.0,0.03222172840797377,-0.0021312072688211003,0.0021312072688211003,0.0021312072688211003,-0.0021312072688211003,4.220093966011973e-5,0.0021312072688211003,0.0028079091748116625,0.029586620000933372,0.03095551742573832,-0.0021312072688211003,0.029747543819079958,0.4466651399404826,4.0,2.7969926473755655,3.437748354090444
0.0130400089066951,-0.0025805919026913315,8.551814657753454e-5,0.03145051467909088,-0.0025805919026913315,0.0025805919026913315,0.0025805919026913315,-0.0025805919026913315,0.0,0.0025805919026913315,0.003173004060880835,0.03016485453453477,0.030976569830743372,-0.0025805919026913315,0.02971813807508905,0.4461389471409376,4.0,2.800224769231539,3.5422471047509663
0.012661126326436012,-0.0021558711070532866,0.0,0.03063771685302985,-0.0021558711070532866,0.0021558711070532866,0.0021558711070532866,-0.0021558711070532866,0.0002252963825428722,0.0021558711070532866,0.0029948296816249,0.031060839895673098,0.030520885935247932,-0.0021558711070532866,0.03001071051195847,0.44621142899239796,4.0,2.802738292739043,3.493115903999234
0.012652481007447314,-0.0019491335675079213,0.00022745630110598825,0.03181196995121027,-0.0019491335675079213,0.0019491335675079213,0.0019491335675079213,-0.0019491335675079213,0.0,0.0019491335675079213,0.0031095077244840397,0.029577500183211924,0.030730666521439076,-0.0019491335675079213,0.03021840041228785,0.44578811493817927,4.0,2.8142695894752396,3.499460388418501
0.012243715736445004,-0.0025977603063616073,0.0,0.03161973660973505,-0.0025977603063616073,0.0025977603063616073,0.0025977603063616073,-0.0025977603063616073,0.0003200240331757698,0.0025977603063616073,0.003235419024805175,0.029204393966979048,0.0324045447337733,-0.0025977603063616073,0.027743182837771663,0.4479937068355344,4.0,2.7646357219217608,3.4572581361746395
0.012126643333486342,-0.0004021666267428614,0.0011889287689648143,0.03001727443933344,-0.0004021666267428614,0.0004021666267428614,0.0004021666267428614,-0.0004021666267428614,0.0,0.0004021666267428614,0.0011409042285066562,0.031595335624994725,0.02948757902741672,-0.0004021666267428614,0.03316580222655485,0.4438466624493431,4.0,2.8706717050573682,3.3966067970139573
0.012861022773051012,-0.0009105295629714405,0.0004396464061846572,0.030532425224483184,-0.0009105295629714405,0.0009105295629714405,0.0009105295629714405,-0.0009105295629714405,0.0,0.0009105295629714405,0.0018319786135503335,0.031621400833077296,0.029305539190509933,-0.0009105295629714405,0.03237343635483825,0.4441120436391346,4.0,2.9094367694598144,3.4328196735595458
0.0126525453168993,-0.0008065422912784115,0.0008825430017767033,0.03042775910271711,-0.0008065422912784115,0.0008065422912784115,0.0008065422912784115,-0.0008065422912784115,0.0,0.0008065422912784115,0.0016540439532573004,0.030206637843545714,0.029597718233544512,-0.0008065422912784115,0.03189638469403633,0.44565587361735925,4.0,2.9102759889895387,3.432810907992709
0.013140297839214554,-0.0008210305371152415,0.0005699024787375606,0.03057427973730409,-0.0008210305371152415,0.0008210305371152415,0.0008210305371152415,-0.0008210305371152415,0.0,0.0008210305371152415,0.001278485195893353,0.031671702307167315,0.029654778484380806,-0.0008210305371152415,0.03213305793211507,0.4439654900341603,4.0,2.9512821010516435,3.41773874631013
0.011816878696984112,-0.0009028882396977522,0.0008423375437747183,0.03074145182092103,-0.0009028882396977522,0.0009028882396977522,0.0009028882396977522,-0.0009028882396977522,0.0,0.0009028882396977522,0.0020590806274727314,0.031152854748597747,0.029789677909860757,-0.0009028882396977522,0.03169869198081621,0.44496887838312826,4.0,2.8111993758330747,3.396369752333055
0.012050133344710723,-0.0006271323891464675,0.001397766045877269,0.030880289788715487,-0.0006271323891464675,0.0006271323891464675,0.0006271323891464675,-0.0006271323891464675,0.0,0.0006271323891464675,0.0016810410691991962,0.030353715461064468,0.029626750208398,-0.0006271323891464675,0.03279588598074046,0.4440085139622987,4.0,2.862947557508805,3.4336506653608434
0.012119211050818812,-0.0005554337839397405,0.0011822061889148472,0.030380679426361468,-0.0005554337839397405,0.0005554337839397405,0.0005554337839397405,-0.0005554337839397405,0.0,0.0005554337839397405,0.001425970752306327,0.03176949676892793,0.029607364894456367,-0.0005554337839397405,0.03291146797810551,0.4433260001959063,4.0,2.8697193765305267,3.3947667141244877
0.012679148168754928,-0.0011188613815491522,0.0006597724646830727,0.030782689459676327,-0.0011188613815491522,0.0011188613815491522,0.0011188613815491522,-0.0011188613815491522,0.0,0.0011188613815491522,0.002278602503070104,0.030260965250615612,0.02993832291135501,-0.0011188613815491522,0.030554671371463726,0.4461316527237882,4.0,2.8882843916287073,3.4646877013786184
0.01266892530791619,-0.0011506697024730173,0.0,0.031007282574581296,-0.0011506697024730173,0.0011506697024730173,0.0011506697024730173,-0.0011506697024730173,3.142040423131931e-5,0.0011506697024730173,0.002672228875312932,0.030572248221301557,0.02997898846184821,-0.0011506697024730173,0.030569783250721017,0.4458167560784183,4.0,2.8685778463542624,3.3986320280264306
0.012654431689737677,-0.0010113868506502754,0.000829285767612653,0.03049234274767798,-0.0010113868506502754,0.0010113868506502754,0.0010113868506502754,-0.0010113868506502754,0.0,0.0010113868506502754,0.0018333298302843914,0.031030902730719845,0.029942449923644254,-0.0010113868506502754,0.03208396378764977,0.4443116438451815,4.0,2.91000599683061,3.4305902168233104
0.012940551032246006,-0.00109223340281428,0.0003348264468652218,0.030653122246984132,-0.00109223340281428,0.00109223340281428,0.00109223340281428,-0.00109223340281428,0.0,0.00109223340281428,0.0020821471452885376,0.03137224057420873,0.030013609638641192,-0.00109223340281428,0.03078417824474755,0.4450785215456907,4.0,2.892028046525481,3.4640904834463484
0.012487055262943692,-0.0008714137264309585,0.0007159503710960635,0.03114717046126536,-0.0008714137264309585,0.0008714137264309585,0.0008714137264309585,-0.0008714137264309585,0.0,0.0008714137264309585,0.0020647675662344156,0.03007842652053494,0.029878622331888316,-0.0008714137264309585,0.031883854185151606,0.4447825304991744,4.0,2.8611097357048707,3.440370288353254
0.012844614780095576,-0.0005606099993951119,0.0007021246221965427,0.03049927140867048,-0.0005606099993951119,0.0005606099993951119,0.0005606099993951119,-0.0005606099993951119,0.0,0.0005606099993951119,0.0014325530307406353,0.03138604338864326,0.029722962644929574,-0.0005606099993951119,0.031784741384849546,0.4443552622111273,4.0,2.91144958691308,3.4291110193227707
0.013234556278095333,-0.0016559553829047502,0.0,0.03145912309271903,-0.0016559553829047502,0.0016559553829047502,0.0016559553829047502,-0.0016559553829047502,4.654555625815959e-5,0.0016559553829047502,0.002316711366296076,0.03094642759379429,0.030543840851416704,-0.0016559553829047502,0.029942764074860406,0.44533295004132256,4.0,2.8893247685396553,3.4655492924969766
0.012941333901402174,-0.0007137789300450947,0.0,0.031106854823025998,-0.0007137789300450947,0.0007137789300450947,0.0007137789300450947,-0.0007137789300450947,0.000323438216558003,0.0007137789300450947,0.0021139597658992315,0.031670903007493756,0.029848866607988356,-0.0007137789300450947,0.030637764579185323,0.44423762150035007,4.0,2.909307976754653,3.4306906192749205
0.01269505039875174,-0.0012802130636000442,0.00015816387430778178,0.03153257547768895,-0.0012802130636000442,0.0012802130636000442,0.0012802130636000442,-0.0012802130636000442,0.0,0.0012802130636000442,0.0021438837920575438,0.030494386985140842,0.030730052140376607,-0.0012802130636000442,0.03101672737549599,0.4446763364916384,4.0,2.8710419151076225,3.3992036696963663
0.012938078503473172,-0.0015939787062029254,0.0004997817885152855,0.031386180206545156,-0.0015939787062029254,0.0015939787062029254,0.0015939787062029254,-0.0015939787062029254,0.0,0.0015939787062029254,0.0023666494805709704,0.03034376058942012,0.030110405777799443,-0.0015939787062029254,0.030594495614330697,0.4455215902174059,4.0,2.8719886672142714,3.497369807149746
0.012866171665504744,-0.0012817074182498445,0.0,0.03116971786968392,-0.0012817074182498445,0.0012817074182498445,0.0012817074182498445,-0.0012817074182498445,4.5926244109928405e-5,0.0012817074182498445,0.002591707268610577,0.03035600850278719,0.029717980693678037,-0.0012817074182498445,0.03056981537795256,0.4461313432677807,4.0,2.85877632086653,3.4385675086300167
0.01268024265635237,-0.0011521272306449504,0.00047632804953146035,0.03140390211945654,-0.0011521272306449504,0.0011521272306449504,0.0011521272306449504,-0.0011521272306449504,0.0,0.0011521272306449504,0.002410904282002413,0.03040924927477473,0.029898268283875318,-0.0011521272306449504,0.03180597414482467,0.44423422189168527,4.0,2.8714824123098985,3.443167998493955
0.012648988358337832,-0.0013207648948032613,0.0,0.030996106408158752,-0.0013207648948032613,0.0013207648948032613,0.0013207648948032613,-0.0013207648948032613,0.00022108117799035654,0.0013207648948032613,0.0026096828569093233,0.03071412206060753,0.031058540047606442,-0.0013207648948032613,0.02942244549460593,0.4458167619624449,4.0,2.861967966508621,3.4363218353374494
0.012238068781914357,-0.000749306210425793,0.0011002427245552227,0.030079111849834028,-0.000749306210425793,0.000749306210425793,0.000749306210425793,-0.000749306210425793,0.0,0.000749306210425793,0.001996597430142799,0.031636239784597286,0.029187976788321635,-0.000749306210425793,0.03245185122910854,0.44422618109380974,4.0,2.8617802221494437,3.438463767779836
0.0122522950275048,-0.0004251193260822461,0.0013921047925657959,0.029511543936513007,-0.0004251193260822461,0.0004251193260822461,0.0004251193260822461,-0.0004251193260822461,0.0,0.0004251193260822461,0.0019496121212654316,0.03175419074452801,0.028990297108665963,-0.0004251193260822461,0.03216599338414561,0.44457604568275144,4.0,2.868990277817724,3.4469635167261035
0.012347633084671905,-0.000272960158496538,0.0013043052459478233,0.02962300208562585,-0.000272960158496538,0.000272960158496538,0.000272960158496538,-0.000272960158496538,0.0,0.000272960158496538,0.0016808583720306913,0.03275472720665995,0.028728395491000924,-0.000272960158496538,0.032689198415611465,0.44331180372880574,4.0,2.90785987373551,3.4306016567324544
0.012359290256110711,-0.0010886473487170534,0.0006186015564741965,0.030657349357579022,-0.0010886473487170534,0.0010886473487170534,0.0010886473487170534,-0.0010886473487170534,0.0,0.0010886473487170534,0.002733710027207792,0.03079246936762292,0.02963142331890989,-0.0010886473487170534,0.031152938062337654,0.4453098288743327,4.0,2.8549048850568624,3.4443953089187085
0.012374478405641653,-0.0010504433295821514,0.0006535699669916184,0.031091528419168846,-0.0010504433295821514,0.0010504433295821514,0.0010504433295821514,-0.0010504433295821514,0.0,0.0010504433295821514,0.0022690355207846125,0.03076678187455073,0.029835970556355562,-0.0010504433295821514,0.031337132630866016,0.4448889094270809,4.0,2.867292819148119,3.4006137531271587
0.012388038105449972,-0.0013001464273347807,0.0005628995950317517,0.030812552574468022,-0.0013001464273347807,0.0013001464273347807,0.0013001464273347807,-0.0013001464273347807,0.0,0.0013001464273347807,0.002189275891292475,0.030960714298887915,0.03003585162246747,-0.0013001464273347807,0.031780953192392936,0.44473682461920205,4.0,2.8687682406431816,3.401430545590585
0.012305970355634521,-0.001487267804830772,0.0009244549408835567,0.030759641729440013,-0.001487267804830772,0.001487267804830772,0.001487267804830772,-0.001487267804830772,0.0,0.001487267804830772,0.002657318475553616,0.030908224248268112,0.029514598626846578,-0.001487267804830772,0.030915461037001712,0.4456685618630605,4.0,2.8319628504719505,3.4668890645344628
0.012033235375927376,-0.0012494751874214671,0.0006512594066307997,0.03033393974894949,-0.0012494751874214671,0.0012494751874214671,0.0012494751874214671,-0.0012494751874214671,0.0,0.0012494751874214671,0.0025553776378268722,0.03253541864747245,0.029841305206401714,-0.0012494751874214671,0.031671531530039765,0.4437943711060308,4.0,2.810438219096367,3.398212924466066
0.012284960897503971,-0.0011774188867565982,0.0009782212180384775,0.03056670906211245,-0.0011774188867565982,0.0011774188867565982,0.0011774188867565982,-0.0011774188867565982,0.0,0.0011774188867565982,0.0021557258210345154,0.03176615719747655,0.029351351167908213,-0.0011774188867565982,0.03203246821542827,0.44420878877911196,4.0,2.8577546980621973,3.4399660003973738
0.011834656708668234,-0.0014983919700330972,0.0007696183620637953,0.030592141530974004,-0.0014983919700330972,0.0014983919700330972,0.0014983919700330972,-0.0014983919700330972,0.0,0.0014983919700330972,0.002792131961280475,0.030479332321242225,0.030944267384871438,-0.0014983919700330972,0.02988015931036969,0.44637304786242105,4.0,2.8098843369551867,3.3998326384099156
0.012993613369927104,-0.0017641130137731054,0.0003662962612569487,0.031153520423489844,-0.0017641130137731054,0.0017641130137731054,0.0017641130137731054,-0.0017641130137731054,0.0,0.0017641130137731054,0.0024354273635234236,0.03128873436223323,0.030213047360002854,-0.0017641130137731054,0.030083902079800495,0.445396535265397,4.0,2.870908205216679,3.501154096107235
0.01285632334542175,-0.0011903715438021933,0.00038870112739353146,0.030331483871465892,-0.0011903715438021933,0.0011903715438021933,0.0011903715438021933,-0.0011903715438021933,0.0,0.0011903715438021933,0.002289330341850082,0.0322243510040785,0.029866137641340273,-0.0011903715438021933,0.030356621179130627,0.44504438650497935,4.0,2.8895258662618843,3.464551886556396
0.01256411490894127,-0.0011980055373621568,0.000546665561294013,0.03140284233002877,-0.0011980055373621568,0.0011980055373621568,0.0011980055373621568,-0.0011980055373621568,0.0,0.0011980055373621568,0.002231934329680385,0.030735115164364224,0.02999212314648858,-0.0011980055373621568,0.031718920101088344,0.4441732534673344,4.0,2.8634954755328783,3.4376308810585745
0.012142901032007991,-0.0018278180007591516,0.0,0.032019417013525064,-0.0018278180007591516,0.0018278180007591516,0.0018278180007591516,-0.0018278180007591516,0.00013900184378989877,0.0018278180007591516,0.0026437655334898835,0.03052463993647514,0.031560235325511776,-0.0018278180007591516,0.0298979603478724,0.4450668604399448,4.0,2.8086044687375544,3.4002778324399445
0.01279969292792682,-0.0021699669104453534,8.930255831351985e-5,0.03124397373568666,-0.0021699669104453534,0.0021699669104453534,0.0021699669104453534,-0.0021699669104453534,0.0,0.0021699669104453534,0.0028422818370046343,0.03085768114811671,0.03047233373089231,-0.0021699669104453534,0.03013314314635096,0.44589852129801155,4.0,2.8340201111693712,3.4665281199312137
