0.10310378867688907,-0.10307085148747253,0.01183135833209814,0.15494105254536028,-0.10307085148747253,0.10307085148747253,0.10307085148747253,-0.10307085148747253,0.0,0.10307085148747253,0.9388282654564577,-0.02247065953651206,0.1482776702369153,-0.10307085148747253,-0.0210048522157662,0.2071674593633095,1.0,0.8018248258909791,5.235708535693502
0.11343765592981025,-0.11336629500179707,0.010195430092010405,0.1752531156836621,-0.11336629500179707,0.11336629500179707,0.11336629500179707,-0.11336629500179707,0.0,0.11336629500179707,0.9318426254230001,-0.0449526805955347,0.16677501724957788,-0.11336629500179707,-0.04604888039883437,0.22446724298938459,1.0,0.8023380666303732,5.261810762954019
0.09453239561206406,-0.09448459923548458,0.008596504535734795,0.13607437254965737,-0.09448459923548458,0.09448459923548458,0.09448459923548458,-0.09448459923548458,0.0,0.09448459923548458,0.9617315027904274,-0.006620680387337208,0.13378169199289736,-0.09448459923548458,-0.007396549849610912,0.1913885933629309,1.0,0.8024276005908226,5.195941166546991
0.0923915196442282,-0.09237155035872524,0.012581555767425812,0.1338481275222727,-0.09237155035872524,0.09237155035872524,0.09237155035872524,-0.09237155035872524,0.0,0.09237155035872524,0.9617899801710346,-0.005137867098742976,0.130574128046534,-0.09237155035872524,-0.004967118280480687,0.1888944559577328,1.0,0.8024276005908226,5.198709398874158
0.09331755034165212,-0.09325738204604783,0.012003205948444062,0.13677998146631976,-0.09325738204604783,0.09325738204604783,0.09325738204604783,-0.09325738204604783,0.0,0.09325738204604783,0.9602423384697296,-0.008140642635232398,0.13251556414778176,-0.09325738204604783,-0.005838381123381753,0.18998099680201386,1.0,0.8029399309587132,5.198833185959314
0.10360073145083337,-0.10355832412803623,0.00973651965194744,0.15480699168660217,-0.10355832412803623,0.10355832412803623,0.10355832412803623,-0.10355832412803623,0.0,0.10355832412803623,0.9392571012167714,-0.021847437483451637,0.1497709026832157,-0.10355832412803623,-0.024301543219881205,0.21013828951327818,1.0,0.8029236784066456,5.232126258257014
0.10284382432880879,-0.1028118991155722,0.011481105528253543,0.15524352879789127,-0.1028118991155722,0.1028118991155722,0.1028118991155722,-0.1028118991155722,0.0,0.1028118991155722,0.9384062539677949,-0.022440434350397,0.1477819674253249,-0.1028118991155722,-0.02244987658054054,0.20954876136971556,1.0,0.801881890937613,5.233995027962313
0.10276063660915558,-0.10270994159898161,0.011413493354439197,0.15506731357738945,-0.10270994159898161,0.10270994159898161,0.10270994159898161,-0.10270994159898161,0.0,0.10270994159898161,0.9389630170878567,-0.02256347829158112,0.14904099063324217,-0.10270994159898161,-0.02248016738438685,0.2081113673841457,1.0,0.8021915055410176,5.232994236282861
0.09256871535617428,-0.09253290610894371,0.012407663796242474,0.13507494035127188,-0.09253290610894371,0.09253290610894371,0.09253290610894371,-0.09253290610894371,0.0,0.09253290610894371,0.9607617339023555,-0.007035190605369834,0.13101982760343223,-0.09253290610894371,-0.004107693864775719,0.18944614094089207,1.0,0.8023055029680717,5.19687287967784
0.17358573368407626,-0.012737354416416657,0.004488297372093442,0.15903560209359835,-0.012737354416416657,0.012737354416416657,0.012737354416416657,-0.012737354416416657,0.0,0.012737354416416657,0.6378672795205613,0.007428288517378867,0.1452498418917818,-0.012737354416416657,0.00807140694226316,0.29461413576594264,2.0,1.496590673626815,4.698497549795189
0.15144964391185045,0.0,0.006406007214287968,0.13862085452472428,0.006406007214287968,0.003767439512754045,-0.006406007214287968,-0.003767439512754045,0.0,0.0,0.6785398106637599,0.02250939415881348,0.12350883423188819,-0.003767439512754045,0.030994833972897595,0.2693412922058114,2.0,1.4983751082838075,4.620451799684272
0.16544281534056182,-0.06368064198849144,0.018920599899640678,0.16801486001322097,-0.06368064198849144,0.06368064198849144,0.06368064198849144,-0.06368064198849144,0.0,0.06368064198849144,0.6422591678461362,6.535653596984048e-6,0.1595634043450609,-0.06368064198849144,-0.0002848124780641115,0.32736130273961717,2.0,1.5519870895701022,4.649082658353545
0.15037526348396568,0.0,0.009133726023671684,0.1392133203166468,0.009133726023671684,0.004175054204885509,-0.009133726023671684,-0.004175054204885509,0.0,0.0,0.6779438736723975,0.019992639338611617,0.12231288427213283,-0.004175054204885509,0.032580479253021544,0.27022609921571705,2.0,1.4969511929447172,4.6230287171334705
0.169965518093516,-0.033604888386028264,0.009167184986920596,0.16026351033077102,-0.033604888386028264,0.033604888386028264,0.033604888386028264,-0.033604888386028264,0.0,0.033604888386028264,0.6288516898152539,0.014859825703406493,0.14775589559089042,-0.033604888386028264,0.012972176030061178,0.3073723192064879,2.0,1.5274826758932298,4.678630585859418
0.17505731677386294,-0.0628627958943988,0.014449852628224846,0.17956057830259953,-0.0628627958943988,0.0628627958943988,0.0628627958943988,-0.0628627958943988,0.0,0.0628627958943988,0.6212635757784977,-0.006305326005455303,0.16636994201878297,-0.0628627958943988,-0.006239678943269045,0.3363097667124344,2.0,1.5449860013082506,4.6842504718892
0.16921912459738486,-0.03383050060822157,0.010126685239226774,0.16098629787816865,-0.03383050060822157,0.03383050060822157,0.03383050060822157,-0.03383050060822157,0.0,0.03383050060822157,0.6274897422039363,0.01341110552891056,0.14764923769926064,-0.03383050060822157,0.015165741746521633,0.3073857970860914,2.0,1.524873535110803,4.678956658409233
0.1654206081191445,-0.0631034348193027,0.018358442934024666,0.16931677752055707,-0.0631034348193027,0.0631034348193027,0.0631034348193027,-0.0631034348193027,0.0,0.0631034348193027,0.6425116626123399,-0.0018835606046114783,0.15917163779497256,-0.0631034348193027,0.0008117600909263167,0.3269993377232283,2.0,1.5523917672792518,4.647432924250167
0.17160543877249435,-0.03451967401710565,0.006905589072973228,0.16082641005928977,-0.03451967401710565,0.03451967401710565,0.03451967401710565,-0.03451967401710565,0.0,0.03451967401710565,0.6457251270555568,0.00696455770911264,0.14958436143288178,-0.03451967401710565,0.004765219454186287,0.30574620183188994,2.0,1.5295592258251143,4.668675051596961
0.17055864829271172,-0.03372169523696655,0.009826681623875011,0.15932431338223285,-0.03372169523696655,0.03372169523696655,0.03372169523696655,-0.03372169523696655,0.0,0.03372169523696655,0.6464998343919097,0.006936261561626189,0.14691834939209425,-0.03372169523696655,0.005322252022565088,0.3059385859412309,2.0,1.5294170121173014,4.6719292043456955
0.1701174070212348,-0.03404054848287341,0.010265163628026208,0.16112770749645922,-0.03404054848287341,0.03404054848287341,0.03404054848287341,-0.03404054848287341,0.0,0.03404054848287341,0.6435429563272308,0.006546694674905318,0.14815922440623108,-0.03404054848287341,0.00609223858711605,0.30579238771294914,2.0,1.5264010244972637,4.671193307525124
0.17405487600442804,-0.012188759930604753,0.002633182856264682,0.15876048246329777,-0.012188759930604753,0.012188759930604753,0.012188759930604753,-0.012188759930604753,0.0,0.012188759930604753,0.6383727783614059,0.008976288988731262,0.1459700129505297,-0.012188759930604753,0.005528988881460251,0.2954953807957663,2.0,1.499698719511127,4.6953284814840615
0.17407759962974279,-0.0091076892278803,0.004110127646274719,0.1571750640788192,-0.0091076892278803,0.0091076892278803,0.0091076892278803,-0.0091076892278803,0.0,0.0091076892278803,0.6360236339551095,0.011196614499388247,0.14297938629317475,-0.0091076892278803,0.009320443447051296,0.29182805104959897,2.0,1.498225528220463,4.696273975952985
0.1735387583889807,-0.00912623077809771,0.005601679766648715,0.15683804239343546,-0.00912623077809771,0.00912623077809771,0.00912623077809771,-0.00912623077809771,0.0,0.00912623077809771,0.6347438012111901,0.01131153741556501,0.1437176801182578,-0.00912623077809771,0.009179162463300639,0.29179880039199846,2.0,1.4996526642333272,4.696405862413478
0.16894418950385504,-0.03135093049710935,0.011602873451522555,0.1579968386955901,-0.03135093049710935,0.03135093049710935,0.03135093049710935,-0.03135093049710935,0.0,0.03135093049710935,0.644403483570156,0.008145233179359224,0.1462465958413537,-0.03135093049710935,0.009005254106706495,0.30260969351984546,2.0,1.5286447725177956,4.670248501209284
0.15358032626458495,-0.04109215585993864,0.014383319461527044,0.14447790287892603,-0.04109215585993864,0.04109215585993864,0.04109215585993864,-0.04109215585993864,0.0,0.04109215585993864,0.6695898171800101,0.021926304736213265,0.13862807781513764,-0.04109215585993864,0.02073759455529478,0.295372044339524,2.0,1.5462940100245817,4.606351693024876
0.1553208566955968,-0.04165584675666523,0.01330828517528726,0.14750814265193135,-0.04165584675666523,0.04165584675666523,0.04165584675666523,-0.04165584675666523,0.0,0.04165584675666523,0.6676064571482243,0.018991195920710524,0.14000472580858947,-0.04165584675666523,0.020165379719566445,0.29635403500803825,2.0,1.5484589576829244,4.606714578378969
0.1521721772977669,0.0,0.0038978236541700184,0.1386679512353366,0.0038978236541700184,0.007486007033464581,-0.0038978236541700184,-0.007486007033464581,0.0,0.0,0.6800015177342651,0.022013092615858376,0.1276686295850027,-0.007486007033464581,0.024792231754627636,0.2758758145277165,2.0,1.4994157525524021,4.616100465407011
0.16784931763520916,-0.0651735173956709,0.013472828609979892,0.17133364755974245,-0.0651735173956709,0.0651735173956709,0.0651735173956709,-0.0651735173956709,0.0,0.0651735173956709,0.6426076048526701,-0.001034394811356698,0.16193038374161706,-0.0651735173956709,-0.00364951693098714,0.33026687811007527,2.0,1.5534876679218503,4.644566837943872
0.16881143913915952,-0.0663886228289785,0.013680889107602567,0.1718179305896541,-0.0663886228289785,0.0663886228289785,0.0663886228289785,-0.0663886228289785,0.0,0.0663886228289785,0.6412460738300103,-0.002560524834890998,0.16378747631223245,-0.0663886228289785,-0.0038452565769491187,0.33105382663343885,2.0,1.5544819633868956,4.643684754871378
0.16195688457170743,-0.07864711290454185,0.016975161951837237,0.170478669528368,-0.07864711290454185,0.07864711290454185,0.07864711290454185,-0.07864711290454185,0.0,0.07864711290454185,0.6602061289546564,-0.0058320782647403036,0.16491490646501195,-0.07864711290454185,-0.005606698800058929,0.3331573698690393,2.0,1.5649951375451723,4.608152083037935
0.1603463948221595,-0.0777350364932583,0.02067836700191439,0.1696152696361879,-0.0777350364932583,0.0777350364932583,0.0777350364932583,-0.0777350364932583,0.0,0.0777350364932583,0.6605573317530888,-0.00689222287861968,0.16360187288000594,-0.0777350364932583,-0.004943592574373934,0.33237484722417454,2.0,1.5640634447550108,4.612690950288731
0.149714791087602,0.0,0.008227457218798584,0.1373151627158986,0.008227457218798584,0.0034348634779335363,-0.008227457218798584,-0.0034348634779335363,0.0,0.0,0.6795755658556368,0.022731995554575946,0.12234532720379043,-0.0034348634779335363,0.030278088710872453,0.2708497065020379,2.0,1.4977722882438957,4.61805686823764
0.14917389148610383,0.0,0.009714756030449578,0.1384626358762242,0.009714756030449578,0.0031343498725684427,-0.009714756030449578,-0.0031343498725684427,0.0,0.0,0.6785951877379439,0.021198984734451365,0.12047650480121508,-0.0031343498725684427,0.032285179820429555,0.2708304407570301,2.0,1.4977574250771086,4.621059137941894
0.1654071888838864,-0.0657024430523796,0.018462970076970286,0.1701332230068573,-0.0657024430523796,0.0657024430523796,0.0657024430523796,-0.0657024430523796,0.0,0.0657024430523796,0.6422551073125353,-0.0015159002225288987,0.16198925301299294,-0.0657024430523796,-0.0024770312292998753,0.32905086358224533,2.0,1.5527744554685645,4.646452888684238
0.1525531274562839,-0.04279020260573985,0.018215828103573806,0.14558967534202116,-0.04279020260573985,0.04279020260573985,0.04279020260573985,-0.04279020260573985,0.0,0.04279020260573985,0.6671053660367612,0.02072929762909803,0.1385906448153853,-0.04279020260573985,0.021445850220257245,0.2961636443736384,2.0,1.5467909954895265,4.607307194029141
0.16754454057961699,-0.06481642083423456,0.015537877015672663,0.17100866181730012,-0.06481642083423456,0.06481642083423456,0.06481642083423456,-0.06481642083423456,0.0,0.06481642083423456,0.6418664814397905,-0.0020936801022326534,0.1627244538279884,-0.06481642083423456,-0.004049945418008072,0.3298812630453858,2.0,1.5547289183681716,4.645519241763622
0.16674499453517466,-0.06355238733650292,0.016831118047083926,0.17102621143668806,-0.06355238733650292,0.06355238733650292,0.06355238733650292,-0.06355238733650292,0.0,0.06355238733650292,0.6393999879821255,-0.0011149052947061477,0.16031575344687354,-0.06355238733650292,-0.0009652791852303721,0.32891773773977295,2.0,1.5526180875328557,4.647265773230005
0.15046641380969916,0.0,0.008788298107165637,0.14100070144502475,0.008788298107165637,0.005491410370556782,-0.008788298107165637,-0.005491410370556782,0.0,0.0,0.6760172490691359,0.01912968389337344,0.1234968710263944,-0.005491410370556782,0.032150004136624055,0.2720454202544187,2.0,1.4988457807570992,4.621059051578238
0.15262561277679865,-0.039879767217237294,0.01721579068041823,0.14646321143382046,-0.039879767217237294,0.039879767217237294,0.039879767217237294,-0.039879767217237294,0.0,0.039879767217237294,0.666306727323831,0.01871930201715344,0.13748854971927038,-0.039879767217237294,0.024972574008323534,0.2936912306289008,2.0,1.5460422833145258,4.607238286380495
0.17055270709860704,-0.03438979036511958,0.009030420569903441,0.16102361145056987,-0.03438979036511958,0.03438979036511958,0.03438979036511958,-0.03438979036511958,0.0,0.03438979036511958,0.6263292515706071,0.01419606214867608,0.14744700322001014,-0.03438979036511958,0.012506492612795572,0.3109074730652295,2.0,1.5300194621110668,4.677344432076302
0.1746838476389616,-0.062401327074243174,0.014171624477564926,0.17891222102702153,-0.062401327074243174,0.062401327074243174,0.062401327074243174,-0.062401327074243174,0.0,0.062401327074243174,0.6214432820398619,-0.0063077130148294636,0.16881419994748503,-0.062401327074243174,-0.009211662961815303,0.33749875929127215,2.0,1.5474055698445601,4.679758450027503
0.1664668602063939,-0.06609292696336233,0.016419667773302393,0.17098605097204533,-0.06609292696336233,0.06609292696336233,0.06609292696336233,-0.06609292696336233,0.0,0.06609292696336233,0.6422070030176021,-0.0021511205302431335,0.16263781484023898,-0.06609292696336233,-0.003975869712818714,0.3311057517681206,2.0,1.5541367120873004,4.643661565638944
0.16924354850091206,-0.03205674765333777,0.009381791409319717,0.16084241413230993,-0.03205674765333777,0.03205674765333777,0.03205674765333777,-0.03205674765333777,0.0,0.03205674765333777,0.6269880085012574,0.01497361188023083,0.14707607825075497,-0.03205674765333777,0.014198586350036013,0.3069559399997961,2.0,1.5262408764669289,4.677899709704065
0.1503570519975863,0.0,0.008527607235465418,0.13870475236278423,0.008527607235465418,0.002874557547049239,-0.008527607235465418,-0.002874557547049239,0.0,0.0,0.6765075545411632,0.021723404383402922,0.12122885819607188,-0.002874557547049239,0.03317146167832252,0.27025709852353197,2.0,1.4965721729182198,4.619351279698364
0.1481904791711317,0.0,0.010906407630616677,0.14045109606735284,0.010906407630616677,0.005083667237439027,-0.010906407630616677,-0.005083667237439027,0.0,0.0,0.676970542305293,0.018678372281992317,0.12124717968152599,-0.005083667237439027,0.03348289291764406,0.27275992855316167,2.0,1.4981641328947826,4.618794850106497
0.19592652883854988,0.0011617271939456941,0.0,0.24137831613463678,0.0,0.10366117888639792,0.0,-0.10366117888639792,0.0011617271939456941,-0.0011617271939456941,0.4668488148246315,-0.08512034610991304,0.22738322671762923,-0.10366117888639792,-0.08650764305199132,0.5601937857101884,3.0,2.1555193810863487,4.073593969487011
0.21188055515998716,0.0,0.005148135470004256,0.21507024910309713,0.005148135470004256,0.05632287801245894,-0.005148135470004256,-0.05632287801245894,0.0,0.0,0.4377514704498582,-0.052449624182241195,0.19312052180042816,-0.05632287801245894,-0.04822322779848953,0.511628029381094,3.0,2.1970637751370643,4.1062586697435615
0.1956207249011408,0.0,0.0014425749636934881,0.24347321338112948,0.0014425749636934881,0.10428303462519661,-0.0014425749636934881,-0.10428303462519661,0.0,0.0,0.46724632132228905,-0.08897883635428361,0.22605366812466166,-0.10428303462519661,-0.084667770682608,0.5616963703404529,3.0,2.1521785718792197,4.075411129679644
0.20583193088417495,0.003687472643028933,0.0,0.2388796688789645,0.0,0.09114658640241036,0.0,-0.09114658640241036,0.003687472643028933,-0.003687472643028933,0.42943158393852077,-0.07279799556966982,0.22451514726224264,-0.09114658640241036,-0.0794217056920834,0.558623715428511,3.0,2.1556077244939864,4.123024698271651
0.21402366278287488,0.0011837063341291199,0.0,0.23599813144337656,0.0,0.08241642383833625,0.0,-0.08241642383833625,0.0011837063341291199,-0.0011837063341291199,0.4271433182037736,-0.07190410036242945,0.21843075076323615,-0.08241642383833625,-0.07466741341732597,0.5498115994619805,3.0,2.1665906161501907,4.1292546150911855
0.20686938319094228,0.0019621302213899128,0.0,0.24149733947416596,0.0,0.09222065644528055,0.0,-0.09222065644528055,0.0019621302213899128,-0.0019621302213899128,0.42791547858615164,-0.07541958660368575,0.22390988003944745,-0.09222065644528055,-0.07762914979184199,0.5607184126999902,3.0,2.153344895882328,4.123565239506422
0.21058736779370513,0.0,0.005828304834818887,0.21743180397833228,0.005828304834818887,0.05829606390929509,-0.005828304834818887,-0.05829606390929509,0.0,0.0,0.4367630336674946,-0.05485351880263867,0.19398259875913304,-0.05829606390929509,-0.04729133857187495,0.513451043621604,3.0,2.197289509006231,4.104621517569547
0.19120704860196724,0.0,0.01136687363883837,0.20573655590504636,0.01136687363883837,0.05562586453944718,-0.01136687363883837,-0.05562586453944718,0.0,0.0,0.47331264568413367,-0.04693182495429227,0.1829181877953472,-0.05562586453944718,-0.03505986660481586,0.49067947584450167,3.0,2.212572986818586,4.028144994988465
0.1766618859190041,0.0,0.005502407678338095,0.2342635726598541,0.005502407678338095,0.11624873652077916,-0.005502407678338095,-0.11624873652077916,0.0,0.0,0.5119112926106881,-0.08893672541881426,0.2199213062985308,-0.11624873652077916,-0.0821107466681612,0.5566389748126186,3.0,2.1688673396975937,3.9972265760926753
0.1824880157635702,0.0,0.002006932701773323,0.24361363786921064,0.002006932701773323,0.11712160046833642,-0.002006932701773323,-0.11712160046833642,0.0,0.0,0.49135133507295237,-0.09259413382553028,0.22990109167948436,-0.11712160046833642,-0.09077557628737232,0.5687335288655273,3.0,2.1559108209342153,4.029078704297531
0.20438818838088402,0.0,0.008285600102845514,0.21089535921162916,0.008285600102845514,0.04625535883725185,-0.008285600102845514,-0.04625535883725185,0.0,0.0,0.4492072714689046,-0.04889477195159042,0.18735728958203968,-0.04625535883725185,-0.04100267153261239,0.4936223249464309,3.0,2.213117971001445,4.066733494491523
0.19955966148614035,0.0,0.005032103415399725,0.219258289937593,0.005032103415399725,0.0693580146252275,-0.005032103415399725,-0.0693580146252275,0.0,0.0,0.4523075996702657,-0.05609195815016754,0.19863026755970115,-0.0693580146252275,-0.04911324118186755,0.5173785232594419,3.0,2.196866755825472,4.060701608968252
0.1983832382049835,0.0,0.01295510455066129,0.19814670354664887,0.01295510455066129,0.035557460897336135,-0.01295510455066129,-0.035557460897336135,0.0,0.0,0.4672773975917801,-0.04165230161822553,0.17301365561982962,-0.035557460897336135,-0.026255451872913227,0.4712923462458507,3.0,2.227621944957286,4.030874483990102
0.19722094720864902,0.0,0.01614634638173129,0.19635183570900416,0.01614634638173129,0.03436015827977812,-0.01614634638173129,-0.03436015827977812,0.0,0.0,0.4671017473070078,-0.04250334620000107,0.17087590717110412,-0.03436015827977812,-0.02425741131342818,0.47102736338699014,3.0,2.2252469295935837,4.034992823011618
0.19747430279583345,0.0,0.007929453840829659,0.21758518267328864,0.007929453840829659,0.06830767816014394,-0.007929453840829659,-0.06830767816014394,0.0,0.0,0.4546456620411119,-0.055321765579057214,0.1958302721683003,-0.06830767816014394,-0.047941704508563276,0.5157095060996797,3.0,2.19660907568299,4.061665203644615
0.20245744731403015,0.0,0.012200863012666652,0.20922736915890194,0.012200863012666652,0.04407979124456851,-0.012200863012666652,-0.04407979124456851,0.0,0.0,0.4500180135553373,-0.05062971961042262,0.1834272112521642,-0.04407979124456851,-0.0377963495462712,0.49277818747944124,3.0,2.2115180888933743,4.0690361930699535
0.21197823874097121,0.0,0.014910569863621603,0.1880104670145375,0.014910569863621603,0.004900760731930021,-0.014910569863621603,-0.004900760731930021,0.0,0.0,0.42188814444334355,-0.019104997675243318,0.15752970676201894,-0.004900760731930021,-0.0041617411522576475,0.4514536041062174,3.0,2.2417936708909063,4.090636544315599
0.20463694055763426,0.0,0.02101807609158879,0.1756626599540203,0.011219368410792185,0.0,-0.011219368410792185,0.0,0.0,0.0,0.4400208320106307,-0.010107753142935216,0.15128690561828861,0.0,0.0016899134381151981,0.43339565684393655,3.0,2.2604317984171898,4.056046956755525
0.19856800448461076,0.0,0.007122790564407566,0.21964455618051026,0.007122790564407566,0.071161157584406,-0.007122790564407566,-0.071161157584406,0.0,0.0,0.4537473985639675,-0.05797232460398494,0.1993090663987136,-0.071161157584406,-0.051024336296491946,0.5193692336639524,3.0,2.1978221850898865,4.063030629831282
0.2029012273427071,0.0,0.010699286536461905,0.21168501408289764,0.010699286536461905,0.046550163026558344,-0.010699286536461905,-0.046550163026558344,0.0,0.0,0.44869323229842273,-0.052002797098032794,0.18607087043674664,-0.046550163026558344,-0.03902056217952854,0.49512712297816286,3.0,2.2104638417145517,4.069188653094263
0.18058015154287776,0.0,0.006449975486861881,0.2440997936922269,0.006449975486861881,0.11613697522664612,-0.006449975486861881,-0.11613697522664612,0.0,0.0,0.4881717506875969,-0.09585102407070956,0.2276285836943659,-0.11613697522664612,-0.08596572225258559,0.5686266978172911,3.0,2.1527052327786524,4.0325874266348745
0.19034211430729542,0.0,0.013333806452018315,0.20822498836007064,0.013333806452018315,0.05669564173143993,-0.013333806452018315,-0.05669564173143993,0.0,0.0,0.47158915268527934,-0.05121796524318167,0.18246729909716297,-0.05669564173143993,-0.03196826625558913,0.49152774369966323,3.0,2.211081412426616,4.028830485970974
0.2162485811917163,0.0,0.005744956513838773,0.20950869801242167,0.005744956513838773,0.036701243435124375,-0.005744956513838773,-0.036701243435124375,0.0,0.0,0.4070660632837182,-0.033460039996910496,0.18283470553530723,-0.036701243435124375,-0.029667199166819813,0.4960287094331317,3.0,2.219181594832914,4.121674812131381
0.21527973171471793,0.0,0.00578137796593392,0.21010465365933229,0.00578137796593392,0.03709084603401269,-0.00578137796593392,-0.03709084603401269,0.0,0.0,0.40769889791887337,-0.034806987901785824,0.1846508450053319,-0.03709084603401269,-0.0302141111842964,0.4961996702271847,3.0,2.2165631254845906,4.119653166899578
0.21261791414353937,0.0,0.013524508909786626,0.1897482465839886,0.013524508909786626,0.007549192206441013,-0.013524508909786626,-0.007549192206441013,0.0,0.0,0.42321354425651325,-0.02011456475239548,0.1596584453964338,-0.007549192206441013,-0.007564962047335477,0.4540692910871895,3.0,2.2452768037210284,4.08859022223149
0.21502229315168542,0.0,0.00588699752453703,0.21092717910795855,0.00588699752453703,0.03706726219699519,-0.00588699752453703,-0.03706726219699519,0.0,0.0,0.40635110465447877,-0.03491917394202382,0.1835794487317619,-0.03706726219699519,-0.028316263464520652,0.4961389078043972,3.0,2.2140658101139596,4.121502144591357
0.20272342385109,0.0,0.01128751578737397,0.21017788290656636,0.01128751578737397,0.044083173849818635,-0.01128751578737397,-0.044083173849818635,0.0,0.0,0.44896114047646307,-0.0505401262730647,0.18408306676078734,-0.044083173849818635,-0.037148713005086265,0.49214221471696806,3.0,2.2103421469241304,4.067653304930544
0.19617655560234137,0.0,0.009566831569999046,0.2203014389125011,0.009566831569999046,0.06971851882652924,-0.009566831569999046,-0.06971851882652924,0.0,0.0,0.45206431504370315,-0.059429104598453186,0.19547238489453278,-0.06971851882652924,-0.045298586066165214,0.5184679148393494,3.0,2.195247766197987,4.06181370453998
0.20552151694315146,0.0,0.005231063721176987,0.2040428393261946,0.005231063721176987,0.048505510049905,-0.005231063721176987,-0.048505510049905,0.0,0.0,0.4496907835114703,-0.03732683518404123,0.1823860101255601,-0.048505510049905,-0.034805012030957094,0.49136837500862907,3.0,2.220569387357572,4.073251061007445
0.205816684337095,0.0,0.005706181111824193,0.20591817274653046,0.005706181111824193,0.048362986053716917,-0.005706181111824193,-0.048362986053716917,0.0,0.0,0.44698890823892157,-0.038804792819559175,0.1827972552153403,-0.048362986053716917,-0.03469721895625533,0.4922410275510991,3.0,2.2194959381743997,4.072799883543517
0.19385362805845663,0.003947842840754667,0.0,0.23978640198510703,0.0,0.10487089401009886,0.0,-0.10487089401009886,0.003947842840754667,-0.003947842840754667,0.46650685499017275,-0.08393133620629012,0.22881324739658826,-0.10487089401009886,-0.09004116371172266,0.5635386500283115,3.0,2.1583167835294237,4.069762833705079
0.21354672729790192,0.0,0.0005793227836337067,0.21906184196981027,0.0005793227836337067,0.06334440834922095,-0.0005793227836337067,-0.06334440834922095,0.0,0.0,0.4368585579369997,-0.0530245892473058,0.20101398298103224,-0.06334440834922095,-0.055866380450170894,0.518778176448599,3.0,2.1995024285004767,4.100516526844547
0.21357135924674076,0.0,0.0022217484536213306,0.21846917266938526,0.0022217484536213306,0.06150124179809158,-0.0022217484536213306,-0.06150124179809158,0.0,0.0,0.43463102646479257,-0.052945062813863686,0.19954846143929217,-0.06150124179809158,-0.05362994665051879,0.5172377143599212,3.0,2.201130829392492,4.100954421561693
0.21166437057803833,0.0,0.008393178447699157,0.19573994279698503,0.008393178447699157,0.03256727825925054,-0.008393178447699157,-0.03256727825925054,0.0,0.0,0.4427351352823825,-0.03198998694552646,0.1730138748255694,-0.03256727825925054,-0.02494344898132983,0.4755574436267116,3.0,2.234699730053494,4.0758079552989654
0.21136199940996203,0.0,0.010296841137256152,0.19502793886906833,0.010296841137256152,0.02826125569946658,-0.010296841137256152,-0.02826125569946658,0.0,0.0,0.44249058801414787,-0.031674311728745685,0.1682826075748194,-0.02826125569946658,-0.02213770504217205,0.47221652883640974,3.0,2.2315410189910114,4.079804383067287
0.19520151609740033,0.0,0.0006823713255714736,0.2420359419365017,0.0006823713255714736,0.1049447818425655,-0.0006823713255714736,-0.1049447818425655,0.0,0.0,0.4697935753540392,-0.08653999993733219,0.2278417884996049,-0.1049447818425655,-0.08902481696185216,0.5625576368999115,3.0,2.156790676415005,4.072052273841989
0.1955199141000552,0.0,0.0012333835858342468,0.2435858982975665,0.0012333835858342468,0.10687034193412881,-0.0012333835858342468,-0.10687034193412881,0.0,0.0,0.4695796106918815,-0.08897379063260757,0.22722854243779356,-0.10687034193412881,-0.08862361570331423,0.5649236305281988,3.0,2.156236283989147,4.0742828769515835
0.21178089141836498,0.0,0.005814614547503538,0.21672443063326607,0.005814614547503538,0.058042868157754945,-0.005814614547503538,-0.058042868157754945,0.0,0.0,0.4355401103366212,-0.05255073405996846,0.1942073607522694,-0.058042868157754945,-0.049342162761052855,0.5134715886620302,3.0,2.2000807945221883,4.1041564370480055
0.2036417796829184,0.0,0.009607756208319884,0.20401404667475997,0.009607756208319884,0.045686047327772705,-0.009607756208319884,-0.045686047327772705,0.0,0.0,0.4471755668041171,-0.03816482065207616,0.17729739622912888,-0.045686047327772705,-0.02838129218012586,0.4880988459320097,3.0,2.220857452429517,4.074919770923929
0.21287419778170946,0.0,0.0029581983627240405,0.21733539192542128,0.0029581983627240405,0.05897487353921438,-0.0029581983627240405,-0.05897487353921438,0.0,0.0,0.4358731172818322,-0.05269866825679337,0.19760162786708335,-0.05897487353921438,-0.052979910504441285,0.5156141504529579,3.0,2.1990445912267966,4.102018891292883
0.2120777774605349,0.0,0.0038182015393140034,0.21951195352998543,0.0038182015393140034,0.06066972754669031,-0.0038182015393140034,-0.06066972754669031,0.0,0.0,0.4334049194392495,-0.053245779594472964,0.19696098755014457,-0.06066972754669031,-0.05159205483968776,0.5173369538329018,3.0,2.196110971157983,4.1026694301967375
0.1958295088816886,0.0,0.0018100846329636155,0.24506804729171794,0.0018100846329636155,0.10610882756967754,-0.0018100846329636155,-0.10610882756967754,0.0,0.0,0.46428981978429995,-0.08890453449615165,0.2270140602574262,-0.10610882756967754,-0.0857142346203199,0.564319307209332,3.0,2.1551198304695274,4.074246745572727
0.20329642842376305,0.0,0.009451463014528372,0.20622308844922443,0.009451463014528372,0.047200609617957134,-0.009451463014528372,-0.047200609617957134,0.0,0.0,0.4450338943249621,-0.0406327357349916,0.17891663694094095,-0.047200609617957134,-0.027999012375933496,0.4905140779467425,3.0,2.2175555042691157,4.073773679475086
0.2053882886829328,0.005087146331701042,0.0,0.23947556676199078,0.0,0.09263133816823554,0.0,-0.09263133816823554,0.005087146331701042,-0.005087146331701042,0.42684631193739797,-0.07282422868499072,0.22399877933337908,-0.09263133816823554,-0.07962614125246326,0.561888846429567,3.0,2.1580056038848636,4.121743130646805
0.2142681003404574,0.0009689345958499018,0.0,0.23595198975691467,0.0,0.0828208195382194,0.0,-0.0828208195382194,0.0009689345958499018,-0.0009689345958499018,0.42621697556864024,-0.07153046067853808,0.2200881954294438,-0.0828208195382194,-0.07706569162698429,0.551526007523715,3.0,2.171378023300841,4.126177697007909
0.2116308820071504,0.0,0.004110866418938208,0.21676510215994238,0.004110866418938208,0.05952948612013831,-0.004110866418938208,-0.05952948612013831,0.0,0.0,0.4364277934548939,-0.05262896162161823,0.1966717243827114,-0.05952948612013831,-0.05108410161559185,0.5152394123049913,3.0,2.2009402494840384,4.101179481852799
0.20625885191391635,0.003035727558071244,0.0,0.24321725570756136,0.0,0.09554404126004101,0.0,-0.09554404126004101,0.003035727558071244,-0.003035727558071244,0.42629599189667644,-0.07508877617897536,0.2260664482044774,-0.09554404126004101,-0.08068201056204582,0.5640437840916386,3.0,2.155570369761239,4.1220821992931365
0.1954564987214864,0.0,0.0016699285409425002,0.24370909896675208,0.0016699285409425002,0.10696557887591229,-0.0016699285409425002,-0.10696557887591229,0.0,0.0,0.46644291418875916,-0.08837236666503401,0.2274462650171971,-0.10696557887591229,-0.08612507705800265,0.5643415485350909,3.0,2.155325748896262,4.072856801479277
0.1940232211139401,0.0,0.0033448759098684278,0.2454767446758268,0.0033448759098684278,0.10734015665027918,-0.0033448759098684278,-0.10734015665027918,0.0,0.0,0.46634191005985137,-0.09059673875565544,0.2267400876338712,-0.10734015665027918,-0.08588351825427587,0.5654968056381318,3.0,2.15688849512742,4.073702332392063
0.19773576512428903,0.0,0.017649652132463167,0.17251277135728316,0.017649652132463167,0.000994854020373026,-0.017649652132463167,-0.000994854020373026,0.0,0.0,0.46208388916528875,-0.008963770223417988,0.14440463559228345,-0.000994854020373026,0.009494208883083388,0.42368093336037926,3.0,2.2661605701582963,4.015728445301381
0.17540272461493078,0.0,0.00527506374779918,0.23185035684230737,0.00527506374779918,0.11580622809764574,-0.00527506374779918,-0.11580622809764574,0.0,0.0,0.5135469780803614,-0.08642070546962266,0.22007310102007338,-0.11580622809764574,-0.08345920826459885,0.5571411488976743,3.0,2.1683345516447083,3.9908131171239534
0.19165872805925144,0.0,0.00946100245791559,0.20663336747699024,0.00946100245791559,0.05805789231114833,-0.00946100245791559,-0.05805789231114833,0.0,0.0,0.47403006745965826,-0.048188413352350246,0.18563466162825826,-0.05805789231114833,-0.03880097627853374,0.49523268623123773,3.0,2.21280550345,4.026095209121063
0.20693775061407482,0.0,0.016948253652389056,0.17578150996722108,0.010128001114427576,0.0,-0.010128001114427576,0.0,0.0,0.0,0.44021500418528436,-0.00951604504619219,0.15420522947001736,0.0,-0.0015772866113206163,0.4346088151398053,3.0,2.26216942235522,4.052386210528889
0.1969187216461874,0.0,0.018711531723009323,0.17059194595320637,0.016672362373292948,0.0,-0.016672362373292948,0.0,0.0,0.0,0.46114973622916366,-0.005789673777475635,0.14414538898904983,0.0,0.009935863073278206,0.42193971753486004,3.0,2.265393005302003,4.013812102015379
0.19343909574809803,0.0,0.007911092918258866,0.20831954617086001,0.007911092918258866,0.060437068714075615,-0.007911092918258866,-0.060437068714075615,0.0,0.0,0.47263908686357237,-0.04903845340073154,0.18895533176989598,-0.060437068714075615,-0.04171952169788362,0.4975341217132847,3.0,2.2162689492489456,4.024278074586728
0.2078873010495439,0.0,0.015233731880100798,0.17961748491963814,0.01276907113766601,0.0,-0.01276907113766601,0.0,0.0,0.0,0.43809682475807943,-0.011586330321425642,0.15258297569380908,0.0,1.2662923456474573e-5,0.43575858046807703,3.0,2.2630411595620448,4.053273867574922
0.1936452536405886,0.0,0.008775788357633374,0.20951568353757466,0.008775788357633374,0.05984711078787175,-0.008775788357633374,-0.05984711078787175,0.0,0.0,0.47008885260508215,-0.05082983817518549,0.18818855483469754,-0.05984711078787175,-0.038542915001072764,0.4966089623598329,3.0,2.215632093767061,4.026263488331721
0.1980560903019084,0.0,0.01754756640882782,0.1744423372424455,0.01754756640882782,0.0015617845069835212,-0.01754756640882782,-0.0015617845069835212,0.0,0.0,0.4597062008459627,-0.010422125515628267,0.14498673803803008,-0.0015617845069835212,0.01059602872661447,0.424252179830102,3.0,2.2665528353536706,4.013881956452864
0.20018283489756783,0.0,0.003470702067740028,0.21916036005356165,0.003470702067740028,0.07214908257602737,-0.003470702067740028,-0.07214908257602737,0.0,0.0,0.4525524609375866,-0.05482535086846507,0.2010208598099137,-0.07214908257602737,-0.05420774680865392,0.5223981938580557,3.0,2.200559704848568,4.058387008102295
0.20468518945375802,0.0,0.007416029655717971,0.21068328583348261,0.007416029655717971,0.04843497774012917,-0.007416029655717971,-0.04843497774012917,0.0,0.0,0.44897510292115594,-0.04994836482604281,0.1912066964365824,-0.04843497774012917,-0.045502090253417116,0.49852235989017135,3.0,2.2153636242753123,4.061572496769183
0.19985547860854247,0.0,0.01030136582893526,0.19728689905623664,0.01030136582893526,0.03707678900756406,-0.01030136582893526,-0.03707678900756406,0.0,0.0,0.4675533043647828,-0.039838945653268176,0.17638856521024504,-0.03707678900756406,-0.031038172633624406,0.4741715255969936,3.0,2.229181712388007,4.026354288811326
0.21497000766006202,0.0,0.009128471729965781,0.1912904760252898,0.009128471729965781,0.011672194171548078,-0.009128471729965781,-0.011672194171548078,0.0,0.0,0.4212441525605808,-0.019552057664909306,0.1657042161657385,-0.011672194171548078,-0.012910469653660606,0.4594006287197603,3.0,2.2452187713476977,4.086649342611003
0.19997285722575775,0.0,0.0105920009116387,0.19739785593412407,0.0105920009116387,0.03692554320747998,-0.0105920009116387,-0.03692554320747998,0.0,0.0,0.4657741539080176,-0.03958666696177637,0.17608125540872788,-0.03692554320747998,-0.029090763319298496,0.4733880814715681,3.0,2.22684834614547,4.028673491522543
0.19868559065914138,0.0,0.012771209549323537,0.19836859456567257,0.012771209549323537,0.037202836116104976,-0.012771209549323537,-0.037202836116104976,0.0,0.0,0.46584171936030927,-0.04249597430327068,0.17556712289132292,-0.037202836116104976,-0.029092578278699932,0.4751603830435851,3.0,2.2283911120934072,4.028108764329196
0.19813109574134646,0.0,0.013764065146662396,0.1969834660660723,0.013764065146662396,0.0340528759392571,-0.013764065146662396,-0.0340528759392571,0.0,0.0,0.4672973427643159,-0.04121694680332144,0.1734365707181471,-0.0340528759392571,-0.027198121082791182,0.47045863476010474,3.0,2.2270579456689408,4.029885940186822
0.19740792867240753,0.0,0.015438796800602006,0.19767421260766938,0.015438796800602006,0.03424180877451288,-0.015438796800602006,-0.03424180877451288,0.0,0.0,0.46566455385875827,-0.04190581824772455,0.17154177623679345,-0.03424180877451288,-0.02551615433563459,0.4715397445529206,3.0,2.2262711526093546,4.032876334391762
0.19764409396699456,0.0,0.015189082521554376,0.19779143343371253,0.015189082521554376,0.033829360845869516,-0.015189082521554376,-0.033829360845869516,0.0,0.0,0.4655617049981693,-0.042771530281069836,0.17213330953332218,-0.033829360845869516,-0.02414731598520614,0.47003181402967176,3.0,2.226835319349791,4.032878658991791
0.1957457274954244,0.0,0.02156357022746569,0.171767136450522,0.01675358918713865,0.0,-0.01675358918713865,0.0,0.0,0.0,0.4598950913528226,-0.008530688008049125,0.14371306966777198,0.0,0.01200755401769893,0.42144177016762274,3.0,2.2639296263495408,4.016358407448707
0.18091821014464582,0.0,0.004459506069144581,0.2430280553385451,0.004459506069144581,0.11501412637280062,-0.004459506069144581,-0.11501412637280062,0.0,0.0,0.4907555581357439,-0.093320836734331,0.22694153659334315,-0.11501412637280062,-0.08821297466019828,0.5680483028571865,3.0,2.1557544331307845,4.029257947838991
0.20176966100816163,0.0,0.0119849982582938,0.20904714797220514,0.0119849982582938,0.042759793255357614,-0.0119849982582938,-0.042759793255357614,0.0,0.0,0.45014917505155516,-0.049375019698287836,0.18530431317442808,-0.042759793255357614,-0.03962677409666959,0.49110952295695043,3.0,2.2124914547336383,4.063723185269451
0.19054972877191112,0.0,0.012661279986981633,0.20465457917175112,0.012661279986981633,0.05202546615681669,-0.012661279986981633,-0.05202546615681669,0.0,0.0,0.471924250734701,-0.04550546968283786,0.18136772412581958,-0.05202546615681669,-0.03310458936735383,0.4870811937871231,3.0,2.212915591177374,4.024067348439852
0.19713823112654882,0.0,0.008545954510609022,0.2190892888099114,0.008545954510609022,0.06840513779646162,-0.008545954510609022,-0.06840513779646162,0.0,0.0,0.4523530178340778,-0.05634414595586623,0.19650268960315564,-0.06840513779646162,-0.048187316741009845,0.5169106499803142,3.0,2.196526478401898,4.061989810005473
0.17442646951488072,0.0,0.009710667813667584,0.23140054985176484,0.009710667813667584,0.11113959841909793,-0.009710667813667584,-0.11113959841909793,0.0,0.0,0.510416687500177,-0.0869849429331957,0.2143422897976377,-0.11113959841909793,-0.07659874247556875,0.5520298507210137,3.0,2.167410979170092,3.9955958244613257
0.18940891509687585,0.0,0.015152942966546235,0.20646589151198036,0.015152942966546235,0.053467852148266104,-0.015152942966546235,-0.053467852148266104,0.0,0.0,0.4702151199184339,-0.04772188649384734,0.1799768410542688,-0.053467852148266104,-0.030577852149372475,0.48815111161465996,3.0,2.213610042629732,4.0265015418387575
0.21406761234767746,0.0,0.012201529790400123,0.19100012877234196,0.012201529790400123,0.008704768072828273,-0.012201529790400123,-0.008704768072828273,0.0,0.0,0.4194905320055353,-0.019790970108237715,0.16162879175029143,-0.008704768072828273,-0.00973566953453009,0.45744604442062897,3.0,2.2470563180201735,4.088706616559734
0.2034185315519661,0.0,0.010441191272246186,0.21214661276581115,0.010441191272246186,0.04785104951481145,-0.010441191272246186,-0.04785104951481145,0.0,0.0,0.4478965816924747,-0.052147434627967115,0.1888653944995955,-0.04785104951481145,-0.0420801315853323,0.49691353531729643,3.0,2.21506075884235,4.065446723559975
0.20622836159962254,0.0,0.0178508037208438,0.17834983867995202,0.01102933954548213,0.0,-0.01102933954548213,0.0,0.0,0.0,0.43914755669410077,-0.01226728904375296,0.1538843836182089,0.0,-0.0008896399055515758,0.4352992160078557,3.0,2.2621814388889967,4.0521742833184655
0.19818600587503088,0.0,0.006627836616104332,0.22244002592253853,0.006627836616104332,0.0722795525459734,-0.006627836616104332,-0.0722795525459734,0.0,0.0,0.4498878371412953,-0.058194730868684985,0.1995582033729688,-0.0722795525459734,-0.04982941560226273,0.5212070214602624,3.0,2.1965263400520745,4.0628137612805535
0.19128645220031792,0.0,0.012092251817188426,0.20889728136766195,0.012092251817188426,0.05636298781499338,-0.012092251817188426,-0.05636298781499338,0.0,0.0,0.46874355292814407,-0.05037800100725853,0.18302350322047278,-0.05636298781499338,-0.03271518513665317,0.4930163637963991,3.0,2.211424674527565,4.026532216091879
0.17348957227094353,0.0,0.009940739268954779,0.23603078551466528,0.009940739268954779,0.11642920185416106,-0.009940739268954779,-0.11642920185416106,0.0,0.0,0.5092812764983101,-0.09277707206345553,0.21734123480600331,-0.11642920185416106,-0.07698133615340641,0.5577072330834252,3.0,2.168179928508,3.996054838880237
0.2159290166558261,0.0,0.005625118235514925,0.2110121808609291,0.005625118235514925,0.03772633660723379,-0.005625118235514925,-0.03772633660723379,0.0,0.0,0.40552482767235,-0.03494470499984992,0.18480777234135637,-0.03772633660723379,-0.031120468346913732,0.49849582555930017,3.0,2.2196374549623994,4.119128629025051
0.1994050631716533,0.0,0.0067616213563477245,0.2178419784038521,0.0067616213563477245,0.06786796140483897,-0.0067616213563477245,-0.06786796140483897,0.0,0.0,0.4508730925913387,-0.054954764556463864,0.19639296277198603,-0.06786796140483897,-0.04844484699607765,0.5175960860334818,3.0,2.199369395712467,4.059698123401098
0.20158424936884867,0.0,0.012321192198971431,0.21137614797113358,0.012321192198971431,0.045746801314914265,-0.012321192198971431,-0.045746801314914265,0.0,0.0,0.44924679113140087,-0.05314781851346151,0.1858155470310967,-0.045746801314914265,-0.04008355941869546,0.4962374829168992,3.0,2.214308582335361,4.063382225544925
0.17964872756786665,0.0,0.006830078067150858,0.24513463907099542,0.006830078067150858,0.11673962653073477,-0.006830078067150858,-0.11673962653073477,0.0,0.0,0.48747951394151023,-0.0960158051846598,0.22712507684573424,-0.11673962653073477,-0.08597630120528521,0.5701169287987016,3.0,2.154001637532354,4.029600377834524
0.21760697298841158,0.0021601712926537786,0.0,0.32650362074038686,0.0,0.18484210868970674,0.0,-0.18484210868970674,0.0021601712926537786,-0.0021601712926537786,0.30401757607591406,-0.17260954957474262,0.308832667462986,-0.18484210868970674,-0.17619169735141682,0.7921255784267931,4.0,2.8329406506651833,3.4739028456640106
0.20018498158797549,0.0025740122050725844,0.0,0.35031594836846924,0.0,0.22032855985918687,0.0,-0.22032855985918687,0.0025740122050725844,-0.0025740122050725844,0.34060533979494423,-0.21199347869450946,0.33640998172557435,-0.22032855985918687,-0.21459768762910159,0.8344326938720412,4.0,2.7964134545675594,3.4375338649206237
0.1961859242945847,0.007743187269948493,0.0,0.36245136856450877,0.0,0.2387486179088123,0.0,-0.2387486179088123,0.007743187269948493,-0.007743187269948493,0.33289497790948985,-0.22810002614236513,0.3549300903849941,-0.2387486179088123,-0.23826946265095827,0.868515789649889,4.0,2.7658243584363995,3.4560200926540143
0.2198967965486185,0.0068432341549939935,0.0,0.337297433985035,0.0,0.19561294525352224,0.0,-0.19561294525352224,0.0068432341549939935,-0.0068432341549939935,0.2873884650019125,-0.18474610127392488,0.3230368787761746,-0.19561294525352224,-0.1935404398497802,0.817039909281772,4.0,2.810466354904648,3.499978767740852
0.21420754266571773,0.006799556687177244,0.0,0.34219291135706786,0.0,0.20296014921809036,0.0,-0.20296014921809036,0.006799556687177244,-0.006799556687177244,0.28649326425916755,-0.1868176563137851,0.3275980975530137,-0.20296014921809036,-0.19466954715599627,0.8247592115370068,4.0,2.7996275106632518,3.493562421440057
0.22497502259319102,0.0,0.0005109213597416229,0.3223581222832461,0.0005109213597416229,0.17484742956667887,-0.0005109213597416229,-0.17484742956667887,0.0,0.0,0.3016571444855005,-0.17175839224067335,0.3028231324801105,-0.17484742956667887,-0.1711968893066933,0.7830815992835349,4.0,2.844960596467499,3.4776301098550264
0.22480153927764768,0.0,0.0023398386706210417,0.32020162513242933,0.0023398386706210417,0.17215139051672335,-0.0023398386706210417,-0.17215139051672335,0.0,0.0,0.3023350652709924,-0.17245385310563233,0.2990392915524316,-0.17215139051672335,-0.16832351640575727,0.7818146314952701,4.0,2.8409974803986793,3.480933045172063
0.2144631516475073,0.00494174073063558,0.0,0.34168611063558085,0.0,0.20292446712405088,0.0,-0.20292446712405088,0.00494174073063558,-0.00494174073063558,0.2930606526477897,-0.18877489349605714,0.32793876347434203,-0.20292446712405088,-0.19665771536015786,0.8238698882156896,4.0,2.7995640394645593,3.4948250429056675
0.22197853865225348,0.003036541655753844,0.0,0.3384494097999431,0.0,0.19660744831564614,0.0,-0.19660744831564614,0.003036541655753844,-0.003036541655753844,0.2930381676736822,-0.18932333929950929,0.32240994318483285,-0.19660744831564614,-0.193753745483086,0.8183751635030552,4.0,2.809291374095406,3.503242277790498
0.23394601592206943,0.001151177344164367,0.0,0.32031833625334283,0.0,0.1617996300678417,0.0,-0.1617996300678417,0.001151177344164367,-0.001151177344164367,0.265905295639179,-0.16076810662609553,0.29854503992236747,-0.1617996300678417,-0.16324097838549356,0.7835460813695869,4.0,2.8366503734441264,3.52835850667469
0.23280178390541995,0.0,0.004503426337993055,0.3035102554993703,0.004503426337993055,0.14152817100603698,-0.004503426337993055,-0.14152817100603698,0.0,0.0,0.27671636681216505,-0.14439580278070707,0.27651611563987544,-0.14152817100603698,-0.13928414634795772,0.7487634033111572,4.0,2.8714721462727413,3.506360694541007
0.21426976386374985,0.006295369376988269,0.0,0.34268851076790874,0.0,0.2042698271694494,0.0,-0.2042698271694494,0.006295369376988269,-0.006295369376988269,0.28979240096555436,-0.19030709435082116,0.3286750462118935,-0.2042698271694494,-0.19644194392322412,0.8269010056286792,4.0,2.7990985923008194,3.4947264253621784
0.22089301242441373,0.004453311191488396,0.0,0.34001783699639,0.0,0.19720727863707577,0.0,-0.19720727863707577,0.004453311191488396,-0.004453311191488396,0.28837616302120583,-0.18914957131880872,0.3226791160611153,-0.19720727863707577,-0.19255142651501433,0.8200920681475647,4.0,2.806459650313089,3.5015557677447533
0.19929128060608559,0.0021472119952896662,0.0,0.3682674437959621,0.0,0.2418033214918731,0.0,-0.2418033214918731,0.0021472119952896662,-0.0021472119952896662,0.33360381777938475,-0.2366778999537873,0.3551380598418872,-0.2418033214918731,-0.23645487843342305,0.8740915172317534,4.0,2.7610488175235064,3.4581713604043944
0.21717434772225985,0.0,0.0016068445271457676,0.3310384969972162,0.0016068445271457676,0.1874157210457552,-0.0016068445271457676,-0.1874157210457552,0.0,0.0,0.3032216041870388,-0.1797037749362218,0.30873755596781827,-0.1874157210457552,-0.17346745320671708,0.7964113311584944,4.0,2.8297634280824346,3.4735312000043157
0.2226996066895781,0.010680223029980063,0.0,0.3382302364736933,0.0,0.18956492533021319,0.0,-0.18956492533021319,0.010680223029980063,-0.010680223029980063,0.2520144015453072,-0.1757747811157122,0.3241761495869202,-0.18956492533021319,-0.18938155555182323,0.8245238760435489,4.0,2.7983605202684627,3.5444009356720687
0.22308675905417807,0.00951155598968878,0.0,0.3390145889008638,0.0,0.1897199202807789,0.0,-0.1897199202807789,0.00951155598968878,-0.00951155598968878,0.25158330156394015,-0.1761540006902127,0.32440285062097995,-0.1897199202807789,-0.18928672353636067,0.8251648197489807,4.0,2.797478029311455,3.54268340491214
0.23244294328740267,0.0023926213675053987,0.0,0.3206458825788463,0.0,0.16352616383678775,0.0,-0.16352616383678775,0.0023926213675053987,-0.0023926213675053987,0.26614760287598216,-0.1608804230348433,0.3006730033689191,-0.16352616383678775,-0.16513475235806752,0.7848425171223221,4.0,2.839998864428208,3.525882670967205
0.22265721700308205,0.009627870451254239,0.0,0.3409071722048225,0.0,0.19111038062729158,0.0,-0.19111038062729158,0.009627870451254239,-0.009627870451254239,0.25018010439763483,-0.17726072133250437,0.32452563995811623,-0.19111038062729158,-0.1882558866405395,0.8263322159567048,4.0,2.794308279886118,3.5439592614950532
0.22150296909805967,0.003250460503816832,0.0,0.3395923420710245,0.0,0.19723950413125912,0.0,-0.19723950413125912,0.003250460503816832,-0.003250460503816832,0.2908634240059964,-0.18966891607378678,0.3230058272043346,-0.19723950413125912,-0.192667442344856,0.8189640710379491,4.0,2.808546092949152,3.5020089425258356
0.21473263809068666,0.003699289770519698,0.0,0.34624308776309665,0.0,0.20665345739663632,0.0,-0.20665345739663632,0.003699289770519698,-0.003699289770519698,0.29154235667784345,-0.19446722973148578,0.3284484588652381,-0.20665345739663632,-0.19562196702157753,0.8296800543535943,4.0,2.7984689082691316,3.4959160291426423
0.20639500623684537,0.0,0.01027225996800496,0.3096643606323317,0.01027225996800496,0.1668197522095456,-0.01027225996800496,-0.1668197522095456,0.0,0.0,0.3424996435504921,-0.16938210783780416,0.28805537266918346,-0.1668197522095456,-0.15904338299748222,0.7559618313592535,4.0,2.8688111730944152,3.4027070938054544
0.19345877615780793,0.0,0.003333646378687938,0.346395961064208,0.003333646378687938,0.2232970491025803,-0.003333646378687938,-0.2232970491025803,0.0,0.0,0.36286012411057467,-0.2144674134367479,0.33203732330033997,-0.2232970491025803,-0.2122667363075168,0.8295485992065057,4.0,2.810051594195331,3.397860153569351
0.21660630654898227,0.0,0.004744380561485073,0.31962480415853456,0.004744380561485073,0.17438276342006986,-0.004744380561485073,-0.17438276342006986,0.0,0.0,0.31652894926168695,-0.17184412037070107,0.29787867353979003,-0.17438276342006986,-0.16593629722578118,0.7743832983173524,4.0,2.8574287312955735,3.444254903282378
0.22578667806180874,0.0,0.007960965874070247,0.2981670690696161,0.007960965874070247,0.13430751602225932,-0.007960965874070247,-0.13430751602225932,0.0,0.0,0.28831557822414844,-0.14081105769541225,0.27133119667031824,-0.13430751602225932,-0.13266643730254835,0.7338267544915373,4.0,2.8869412920187782,3.466166260654092
0.220926180965062,0.0,0.014028779113399281,0.2854050085911144,0.014028779113399281,0.12025413499867277,-0.014028779113399281,-0.12025413499867277,0.0,0.0,0.3060384948125421,-0.13175222226234773,0.2547374022475086,-0.12025413499867277,-0.11633149718779556,0.7048052200904689,4.0,2.9087674633875014,3.433334789967018
0.19497771902045802,0.0,0.0017958733394847215,0.34899666050403333,0.0017958733394847215,0.2268073123871437,-0.0017958733394847215,-0.2268073123871437,0.0,0.0,0.36200967430037245,-0.21677752311502196,0.33537872567680616,-0.2268073123871437,-0.2157708066942856,0.8338002207265758,4.0,2.811506299086078,3.4004917874971468
0.21577039033378664,0.0,0.006514858622963082,0.3180048789662955,0.006514858622963082,0.16459883434148015,-0.006514858622963082,-0.16459883434148015,0.0,0.0,0.3217893142888135,-0.17525428700121015,0.2954924305945159,-0.16459883434148015,-0.16850193022310034,0.7683864101306952,4.0,2.8620702601486645,3.440444631196056
0.1944125048089278,0.0,0.0030262018919824385,0.34939627427680886,0.0030262018919824385,0.225685011018518,-0.0030262018919824385,-0.225685011018518,0.0,0.0,0.3596348204212667,-0.21847660561241966,0.3343823144430642,-0.225685011018518,-0.2131179605559126,0.8340306927160794,4.0,2.809855277929,3.4010009375422485
0.20643939249530519,0.0,0.009875647176081692,0.3123083301205396,0.009875647176081692,0.16772508321985757,-0.009875647176081692,-0.16772508321985757,0.0,0.0,0.3414173771918225,-0.1716750090227972,0.28878087311655687,-0.16772508321985757,-0.15837028406247633,0.7565519875761044,4.0,2.8691460813713197,3.4008929197751003
0.2168617367491228,0.00020307866258661988,0.0,0.3350075628938436,0.0,0.1884359660913031,0.0,-0.1884359660913031,0.00020307866258661988,-0.00020307866258661988,0.3037422451333436,-0.18408460888493483,0.3158742395041214,-0.1884359660913031,-0.1867376987094138,0.8051726421139129,4.0,2.834226566214716,3.467865264605004
0.21628425608028312,0.00016852600112304827,0.0,0.3355006151718136,0.0,0.1888523832783946,0.0,-0.1888523832783946,0.00016852600112304827,-0.00016852600112304827,0.30371951930566077,-0.1854336895529869,0.317050972026923,-0.1888523832783946,-0.1867009353797613,0.8058663509966184,4.0,2.8319599090384,3.4659423012091217
0.21643369457325434,0.0,0.006887914958597641,0.31495783912819686,0.006887914958597641,0.16048591020712522,-0.006887914958597641,-0.16048591020712522,0.0,0.0,0.32003982581809076,-0.17075098357700114,0.29173409710592946,-0.16048591020712522,-0.16382405577437176,0.7626108093457082,4.0,2.8630229620295244,3.4369470918182574
0.23278356383205434,0.0,0.0005917759514986187,0.31378268186985103,0.0005917759514986187,0.15214760711401,-0.0005917759514986187,-0.15214760711401,0.0,0.0,0.269624828867431,-0.15205283050099805,0.2894059766427084,-0.15214760711401,-0.15086541673981824,0.7664802585625621,4.0,2.8676041747991063,3.500278150196825
0.22353377295249466,0.0,0.005739904323209366,0.3124308164526761,0.005739904323209366,0.1610234564922406,-0.005739904323209366,-0.1610234564922406,0.0,0.0,0.3110954458376858,-0.16617354269110418,0.28975936754987597,-0.1610234564922406,-0.1586145848053091,0.7608555082439912,4.0,2.8680860579749954,3.448244375941241
0.21744926093886097,0.0,0.0046059134924441025,0.32108292462866483,0.0046059134924441025,0.1791954023069504,-0.0046059134924441025,-0.1791954023069504,0.0,0.0,0.3119997827663976,-0.17294225601865598,0.2986703993520363,-0.1791954023069504,-0.16454723114441272,0.7804798396628945,4.0,2.855546695893315,3.4412461895832673
0.21693566280004895,0.0,0.006019022786240669,0.31882202973018536,0.006019022786240669,0.17828910111924667,-0.006019022786240669,-0.17828910111924667,0.0,0.0,0.3143627228929793,-0.17235487544376316,0.2982709195610411,-0.17828910111924667,-0.16464110229604412,0.7784779524598378,4.0,2.8547052800123427,3.443612411273532
0.22145613486045068,0.0,0.009302159256334264,0.3116862239914946,0.009302159256334264,0.16071107749301206,-0.009302159256334264,-0.16071107749301206,0.0,0.0,0.3123920464641037,-0.1690218628836897,0.2871869437937251,-0.16071107749301206,-0.1570865578417644,0.762399221223637,4.0,2.866058361437402,3.451812935080974
0.21456257520536415,0.0,0.011685312201161757,0.31287563307522603,0.011685312201161757,0.15737309583018977,-0.011685312201161757,-0.15737309583018977,0.0,0.0,0.31763394518800236,-0.17306916167963227,0.2889271712326895,-0.15737309583018977,-0.15919959545839912,0.7615604474370565,4.0,2.8584081085381334,3.44199449855829
0.2198496091833002,0.0,0.016629131504745764,0.2850322090227273,0.016629131504745764,0.11941324114796803,-0.016629131504745764,-0.11941324114796803,0.0,0.0,0.3049144671145285,-0.1334965273882993,0.2535327620883798,-0.11941324114796803,-0.11334804119585229,0.7039028621897172,4.0,2.9061658928234206,3.435595643923984
0.21553946090893916,0.0,0.0023375278039594605,0.33375373629471916,0.0023375278039594605,0.1867050409462765,-0.0023375278039594605,-0.1867050409462765,0.0,0.0,0.3055962882960648,-0.18513052068385516,0.3130260842666015,-0.1867050409462765,-0.18350739307659847,0.8026930885077252,4.0,2.8316841581368575,3.4693288682077865
0.23070720061139394,0.0,0.004140311246091599,0.31093740765887734,0.004140311246091599,0.14806455380987682,-0.004140311246091599,-0.14806455380987682,0.0,0.0,0.27227142025943785,-0.15148084654978788,0.28568863747006024,-0.14806455380987682,-0.1480595650510388,0.7614632195361217,4.0,2.866413700325913,3.5002179040256203
0.22434482883891693,0.0,0.010354581672380903,0.29758123245752355,0.010354581672380903,0.13224446544192858,-0.010354581672380903,-0.13224446544192858,0.0,0.0,0.28937438415442607,-0.14046167012974387,0.2685481643835521,-0.13224446544192858,-0.13009619593755417,0.7302023713737062,4.0,2.8874103283391217,3.4656327917914953
0.23095637406686098,0.0,0.00439791736647166,0.31161404716967045,0.00439791736647166,0.1490381847128912,-0.00439791736647166,-0.1490381847128912,0.0,0.0,0.2707896300567807,-0.15281076917401215,0.28538566514770647,-0.1490381847128912,-0.14752052088304168,0.763829072333734,4.0,2.865501558708691,3.5027716398009203
0.21375933055102703,0.0,0.011591359146125413,0.31359330860786816,0.011591359146125413,0.15828373061214318,-0.011591359146125413,-0.15828373061214318,0.0,0.0,0.3218830468295035,-0.17332724935590882,0.2886086248507196,-0.15828373061214318,-0.16137357229957594,0.7611521136536634,4.0,2.860067183824837,3.441023763332111
0.22369078751186233,0.0,0.01172374442328561,0.2985611947123674,0.01172374442328561,0.1332503427657601,-0.01172374442328561,-0.1332503427657601,0.0,0.0,0.28694670533913413,-0.1422968591874385,0.2678809552158965,-0.1332503427657601,-0.12792214275451297,0.7322691888764448,4.0,2.886051510854824,3.4672344470565712
0.2318541227180848,0.0,0.0030037832627201055,0.3138294024685955,0.0030037832627201055,0.15204648925234654,-0.0030037832627201055,-0.15204648925234654,0.0,0.0,0.27088842358982745,-0.15405586231401536,0.28797291732787045,-0.15204648925234654,-0.15076461743546332,0.7669215510060061,4.0,2.869347838711024,3.503203305222164
0.2150592971393408,0.0,0.0029670229554170646,0.33620831510115856,0.0029670229554170646,0.1893830672153758,-0.0029670229554170646,-0.1893830672153758,0.0,0.0,0.30335635581463016,-0.1889089598484759,0.3162155070759134,-0.1893830672153758,-0.18503258723164429,0.8071213475803152,4.0,2.8310000410019116,3.4688944776876114
0.22487777965213418,0.0,0.009307318338933612,0.30098363032898057,0.009307318338933612,0.13664588032237024,-0.009307318338933612,-0.13664588032237024,0.0,0.0,0.28869921491803385,-0.1449491223648982,0.27289315854186924,-0.13664588032237024,-0.1337662791057257,0.7362034113843219,4.0,2.887772920708352,3.466657002129142
0.21468778924073728,0.0,0.002627735234222328,0.33665592247410014,0.002627735234222328,0.18885799491584,-0.002627735234222328,-0.18885799491584,0.0,0.0,0.30215154460107474,-0.1887072022158085,0.31529160162927194,-0.18885799491584,-0.18315849317848976,0.806912328502011,4.0,2.8277004453016192,3.470760628062171
0.215625811303096,0.0,0.006642755146195611,0.32133214195327664,0.006642755146195611,0.17431507783939715,-0.006642755146195611,-0.17431507783939715,0.0,0.0,0.3132637699793275,-0.17427791563552475,0.2968089730165806,-0.17431507783939715,-0.1612237508265757,0.7737465242743005,4.0,2.854202510271772,3.4448030991187406
0.19079260542664667,0.0,0.008104338047267845,0.34908353939218006,0.008104338047267845,0.2248652530449311,-0.008104338047267845,-0.2248652530449311,0.0,0.0,0.3589217327187164,-0.2202676367424008,0.3309650093146663,-0.2248652530449311,-0.20823571817051167,0.8331046144296455,4.0,2.8074241381888267,3.4016397467507242
0.24091497245869498,0.002545417044212961,0.0,0.3105038917693532,0.0,0.13875877210098153,0.0,-0.13875877210098153,0.002545417044212961,-0.002545417044212961,0.22794318400701385,-0.1365245899467311,0.28336846529683957,-0.13875877210098153,-0.14032619630401477,0.767936859146892,4.0,2.8691639393162296,3.555911464379833
0.2324480657301473,0.0,0.003203290107660628,0.31162395200239956,0.003203290107660628,0.14967178095542533,-0.003203290107660628,-0.14967178095542533,0.0,0.0,0.27040513935521737,-0.15154814127166816,0.2859243622493004,-0.14967178095542533,-0.1487220881877871,0.7639404323414345,4.0,2.869765237235211,3.5015138019826915
0.23051391997748905,0.0,0.004397342022552486,0.3135695826644085,0.004397342022552486,0.15111918535144397,-0.004397342022552486,-0.15111918535144397,0.0,0.0,0.27143542370028406,-0.15530068909341743,0.2862069956382829,-0.15111918535144397,-0.14863678487742504,0.7665366266905487,4.0,2.8683854738749948,3.4998315485146776
0.21396265923498614,0.0,0.0039414724880240115,0.3362832211326161,0.0039414724880240115,0.1873556873461215,-0.0039414724880240115,-0.1873556873461215,0.0,0.0,0.3017735967749582,-0.18809561171139233,0.31320543635730225,-0.1873556873461215,-0.18042274414310366,0.80431088858401,4.0,2.8281337269056825,3.4689339073603653
0.23021873299453954,0.0,0.004331340636631431,0.2911880505219795,0.004331340636631431,0.13108663676111387,-0.004331340636631431,-0.13108663676111387,0.0,0.0,0.28612492640564646,-0.12830057250835836,0.26505260588987234,-0.13108663676111387,-0.1259563938352759,0.7260311780273581,4.0,2.897792495106692,3.475255738182155
0.1987947070156002,0.003150408621912959,0.0,0.3480640041170284,0.0,0.2202888630709463,0.0,-0.2202888630709463,0.003150408621912959,-0.003150408621912959,0.3428236296139211,-0.20986658018813387,0.33779687980909134,-0.2202888630709463,-0.2174422585530209,0.8345713040058262,4.0,2.7997490000972074,3.432585155216184
0.21605117760085957,0.0033167602554762254,0.0,0.32789057389114884,0.0,0.18824927808716296,0.0,-0.18824927808716296,0.0033167602554762254,-0.0033167602554762254,0.3044622709889735,-0.1745501024077898,0.31148935361837093,-0.18824927808716296,-0.17973807412146048,0.7969305496328634,4.0,2.8339767564207152,3.4712880613857537
0.23505014772298516,0.0,0.0009255388670350584,0.3051737179185423,0.0009255388670350584,0.14575936036933435,-0.0009255388670350584,-0.14575936036933435,0.0,0.0,0.2759684533252855,-0.14382258511842494,0.28241675199089755,-0.14575936036933435,-0.14597781072238902,0.7536283777566819,4.0,2.874357243802265,3.502595459684457
0.22921952044724314,0.0,0.005340503509593475,0.29055976247904525,0.005340503509593475,0.13088369829560698,-0.005340503509593475,-0.13088369829560698,0.0,0.0,0.2866837858860407,-0.12821403020762823,0.26420206077629693,-0.13088369829560698,-0.12451185671837806,0.725207183494673,4.0,2.8996663852556437,3.474494467437281
0.21618704787960663,0.004391532469726123,0.0,0.32723111842250674,0.0,0.18648969017769357,0.0,-0.18648969017769357,0.004391532469726123,-0.004391532469726123,0.300838773584152,-0.17278315365170016,0.311169698827948,-0.18648969017769357,-0.17932594845330563,0.7963838524700391,4.0,2.835018334640596,3.469378612861769
0.23445622372241726,0.0007791615069923097,0.0,0.30767885249531535,0.0,0.1481625453286064,0.0,-0.1481625453286064,0.0007791615069923097,-0.0007791615069923097,0.2737202806354109,-0.14477993062048533,0.2846032818588613,-0.1481625453286064,-0.14857269537232476,0.7578806024736986,4.0,2.8718848743010867,3.5011663411499754
0.21798838167926338,0.0021924883548170016,0.0,0.3307402653326976,0.0,0.18828255515830783,0.0,-0.18828255515830783,0.0021924883548170016,-0.0021924883548170016,0.3001223981632126,-0.17734646563453538,0.3113060017059164,-0.18828255515830783,-0.17816115753087303,0.7990438744590884,4.0,2.8344619324381477,3.471786426901842
0.22938120507259807,0.0,0.005646154215780186,0.2930669478297938,0.005646154215780186,0.13237522529797374,-0.005646154215780186,-0.13237522529797374,0.0,0.0,0.28373157070687505,-0.13066727791410315,0.2655322797719508,-0.13237522529797374,-0.12452471023743783,0.727812287223796,4.0,2.8981946504476053,3.473470492059199
0.2118221816975403,0.010483170391989205,0.0,0.33994929145633357,0.0,0.20399677548492434,0.0,-0.20399677548492434,0.010483170391989205,-0.010483170391989205,0.2866558513273336,-0.18526234759046467,0.3288390772433427,-0.20399677548492434,-0.1981843367230809,0.8272971190532097,4.0,2.803412832779975,3.4911737610397715
0.22001493010266682,0.00715880622371845,0.0,0.3366619105410589,0.0,0.19668361697678893,0.0,-0.19668361697678893,0.00715880622371845,-0.00715880622371845,0.28687441580974227,-0.18507565667712367,0.3245404127655256,-0.19668361697678893,-0.1965078537260938,0.8206198833085736,4.0,2.814657357422916,3.4966947502222343
0.22433950636517075,0.0018779649126390296,0.0,0.32005179446783494,0.0,0.1757009572531132,0.0,-0.1757009572531132,0.0018779649126390296,-0.0018779649126390296,0.3006144331970244,-0.16934182833911748,0.3040562199095316,-0.1757009572531132,-0.17362819466071144,0.7853342927720206,4.0,2.848041497526261,3.473460260620643
0.2305164420564516,0.006439035201886156,0.0,0.32055289828313605,0.0,0.16507469983786383,0.0,-0.16507469983786383,0.006439035201886156,-0.006439035201886156,0.25997470693887337,-0.1575018304440743,0.30279957496897225,-0.16507469983786383,-0.16718720080604754,0.7870843050099454,4.0,2.840337567683229,3.523207766153382
0.22457816924590368,0.0012976492333942602,0.0,0.32163242726327024,0.0,0.1767367481443376,0.0,-0.1767367481443376,0.0012976492333942602,-0.0012976492333942602,0.3002969325681626,-0.17082806647926674,0.30520439716816394,-0.1767367481443376,-0.17378657776485262,0.7859450482808414,4.0,2.8453554740171376,3.4750613116112468
0.22520836995951843,0.0,0.00017547882757362743,0.3240350667783547,0.00017547882757362743,0.17779834358871582,-0.00017547882757362743,-0.17779834358871582,0.0,0.0,0.30150772832175576,-0.17402546794189533,0.30527543969725013,-0.17779834358871582,-0.17512142693314736,0.7883463862505851,4.0,2.8469806000683264,3.4761021439744573
0.22471511012299494,0.0,0.0010979831712552013,0.3211284830601544,0.0010979831712552013,0.17298268047904575,-0.0010979831712552013,-0.17298268047904575,0.0,0.0,0.30141996589280584,-0.17047990252026413,0.3023115921303612,-0.17298268047904575,-0.17202367028458543,0.7824163502776029,4.0,2.843996180977866,3.4762314417931366
0.22421794710027232,0.0,0.0018084700758693728,0.3226071252916043,0.0018084700758693728,0.17475540320818528,-0.0018084700758693728,-0.17475540320818528,0.0,0.0,0.3014292057830632,-0.17243659438877135,0.30171266780493866,-0.17475540320818528,-0.1721192227510313,0.7851390356635193,4.0,2.842273493031916,3.478327147950094
0.22495197924468524,0.0,0.0026994876697257197,0.32221732240809153,0.0026994876697257197,0.1731496031864257,-0.0026994876697257197,-0.1731496031864257,0.0,0.0,0.2989850076447267,-0.17223452789332772,0.2999902555287708,-0.1731496031864257,-0.1689139496976617,0.7830572596526943,4.0,2.844031967329049,3.4794744255804884
0.22835079606571185,0.0,0.007886361011377296,0.2912271009801062,0.007886361011377296,0.12801586881893368,-0.007886361011377296,-0.12801586881893368,0.0,0.0,0.2841497644770632,-0.1300769216302209,0.2605142629575221,-0.12801586881893368,-0.1194568820382722,0.7230246183669253,4.0,2.89659171262255,3.4764510109571716
0.1973269389881418,0.004837588866124953,0.0,0.36539920850303176,0.0,0.24155062983549147,0.0,-0.24155062983549147,0.004837588866124953,-0.004837588866124953,0.336427200506761,-0.2327602801142712,0.3553381354392515,-0.24155062983549147,-0.23967723219560355,0.8722623012133344,4.0,2.765819020495818,3.4567179287372207
0.2221513883779398,0.0025804672957576713,0.0,0.3389892621200552,0.0,0.19631148049318092,0.0,-0.19631148049318092,0.0025804672957576713,-0.0025804672957576713,0.29154856524741035,-0.18837507586586177,0.32408586056365607,-0.19631148049318092,-0.19548512429138754,0.8184193684168903,4.0,2.81264997183854,3.499227025125246
0.2172279815932523,0.0,0.0011294849684126973,0.3284587742445808,0.0011294849684126973,0.18603585047715132,-0.0011294849684126973,-0.18603585047715132,0.0,0.0,0.3049090474952916,-0.17529620669867363,0.3096327230755662,-0.18603585047715132,-0.17643923835282926,0.7940165155228298,4.0,2.834843756750432,3.470771828727366
0.21497659990109508,0.004373897244653868,0.0,0.34576344102893763,0.0,0.2069191875776495,0.0,-0.2069191875776495,0.004373897244653868,-0.004373897244653868,0.2910994115468535,-0.1919314472907816,0.32959060977199073,-0.2069191875776495,-0.19823412004190555,0.828884026788085,4.0,2.8005585968148026,3.4951645589718274
0.20063042144550014,0.0,0.0015594210935603314,0.35108633190194194,0.0015594210935603314,0.22147170574134378,-0.0015594210935603314,-0.22147170574134378,0.0,0.0,0.3438204306245396,-0.21493213008355028,0.33564730312664626,-0.22147170574134378,-0.2137459587112449,0.8350091177152299,4.0,2.7981084511572276,3.4374337708330227
0.21750851749516098,0.0,0.0017372954756647019,0.33128298863567984,0.0017372954756647019,0.18751240827984894,-0.0017372954756647019,-0.18751240827984894,0.0,0.0,0.30408753680438405,-0.1786952985438548,0.30858132948147166,-0.18751240827984894,-0.1754523195325115,0.7960655898351332,4.0,2.8351498730886044,3.4740646241599364
0.23149077430594023,0.0049171493653545895,0.0,0.32052664626420313,0.0,0.16323217696251557,0.0,-0.16323217696251557,0.0049171493653545895,-0.0049171493653545895,0.2612254809569965,-0.15858079610561582,0.3007222880251179,-0.16323217696251557,-0.16645046969233945,0.7869843352141377,4.0,2.83942734913895,3.5248027795669876
0.2217726941063045,0.004403963930033505,0.0,0.3397273000573504,0.0,0.19762073481495168,0.0,-0.19762073481495168,0.004403963930033505,-0.004403963930033505,0.2873106007534325,-0.18825942373880444,0.3239862561878821,-0.19762073481495168,-0.19462253380960703,0.8209051086996393,4.0,2.8129733001458077,3.499581507086746
0.23369862792047424,0.0,0.0024980764545841083,0.305686527199728,0.0024980764545841083,0.14517201647911282,-0.0024980764545841083,-0.14517201647911282,0.0,0.0,0.2742684712547101,-0.1453708731383534,0.2814096369853365,-0.14517201647911282,-0.1441696010165936,0.7547543821905061,4.0,2.8730977686116352,3.501425151123585
0.21398055917420944,0.005812008292228832,0.0,0.3468352152406471,0.0,0.2074720091465867,0.0,-0.2074720091465867,0.005812008292228832,-0.005812008292228832,0.28616991706817263,-0.19123978436220934,0.32993190790596927,-0.2074720091465867,-0.19778754871046456,0.8313729659093125,4.0,2.798342036616806,3.4944692948442406
0.2179908301081328,6.473470711210183e-5,0.0,0.3324756019406969,0.0,0.18961691648328127,0.0,-0.18961691648328127,6.473470711210183e-5,-6.473470711210183e-5,0.3011953749390983,-0.17891907397572382,0.31166376448197575,-0.18961691648328127,-0.17648259565371482,0.7992315113069832,4.0,2.8308084177390005,3.471180177738128
0.20008753779013233,0.0,0.0015075097524483994,0.3544680014116288,0.0015075097524483994,0.22387323768912548,-0.0015075097524483994,-0.22387323768912548,0.0,0.0,0.341100274731021,-0.21817675904790157,0.33674143364511266,-0.22387323768912548,-0.21409646882173305,0.8398449395996961,4.0,2.7969926473755655,3.437748354090444
0.22226614299981406,0.011144472105041103,0.0,0.3403033527449857,0.0,0.19111333747213788,0.0,-0.19111333747213788,0.011144472105041103,-0.011144472105041103,0.2495530386315643,-0.1763788556979815,0.32503672668479666,-0.19111333747213788,-0.19017339886378792,0.8269650902389847,4.0,2.800224769231539,3.5422471047509663
0.21448592433229674,0.006156621768123927,0.0,0.34265855398442024,0.0,0.20530687964098515,0.0,-0.20530687964098515,0.006156621768123927,-0.006156621768123927,0.2887223791381546,-0.1893399333627679,0.32826190741419925,-0.20530687964098515,-0.19617409925275364,0.8281387569905911,4.0,2.802738292739043,3.493115903999234
0.22152574302322137,0.0032005790864531036,0.0,0.3407287082039545,0.0,0.1989597215535106,0.0,-0.1989597215535106,0.0032005790864531036,-0.0032005790864531036,0.29108519304687164,-0.19127529388369346,0.3242588010277725,-0.1989597215535106,-0.19587097058408354,0.8229101930042937,4.0,2.8142695894752396,3.499460388418501
0.19861647239190372,0.0027395552716944493,0.0,0.3695947543972933,0.0,0.24491000285230946,0.0,-0.24491000285230946,0.0027395552716944493,-0.0027395552716944493,0.335154241546471,-0.2380855920421796,0.35721978057069936,-0.24491000285230946,-0.23991299945561995,0.8771870215433264,4.0,2.7646357219217608,3.4572581361746395
0.2066643968314903,0.0,0.008790116206762733,0.31022239405820784,0.008790116206762733,0.16768017119264922,-0.008790116206762733,-0.16768017119264922,0.0,0.0,0.34256445192136376,-0.16912564366584348,0.2903064250952987,-0.16768017119264922,-0.16148398080244064,0.7573452429190892,4.0,2.8706717050573682,3.3966067970139573
0.22215158638837718,0.0,0.011526635472280944,0.28736450519130496,0.011526635472280944,0.12537918445066865,-0.011526635472280944,-0.12537918445066865,0.0,0.0,0.3057622119973713,-0.1340115095101515,0.2599212302738918,-0.12537918445066865,-0.12202223490755149,0.7122899909164246,4.0,2.9094367694598144,3.4328196735595458
0.22249943364991331,0.0,0.011928349435741836,0.2872454277665124,0.011928349435741836,0.12442065642457756,-0.011928349435741836,-0.12442065642457756,0.0,0.0,0.3047767061646507,-0.1346823395273855,0.2597924267829157,-0.12442065642457756,-0.12035674874284474,0.7108206322663531,4.0,2.9102759889895387,3.432810907992709
0.22272692867514277,0.0,0.01875286809500487,0.2607609300884013,0.01875286809500487,0.08547839181380201,-0.01875286809500487,-0.08547839181380201,0.0,0.0,0.2980863757001826,-0.10025159979249576,0.2257042691029314,-0.08547839181380201,-0.07857357588938196,0.655875427205296,4.0,2.9512821010516435,3.41773874631013
0.1939019873126151,0.0,0.0017838041492685974,0.34710156126127245,0.0017838041492685974,0.22530303836680687,-0.0017838041492685974,-0.22530303836680687,0.0,0.0,0.3623550636045936,-0.215041799300276,0.33458783710730167,-0.22530303836680687,-0.21570594403616905,0.8339237596394797,4.0,2.8111993758330747,3.396369752333055
0.2148778040697481,0.0,0.007788342151337169,0.31443106868859694,0.007788342151337169,0.16084388167380137,-0.007788342151337169,-0.16084388167380137,0.0,0.0,0.3223553001237178,-0.1719437832117734,0.2948502245704514,-0.16084388167380137,-0.16874454536560357,0.7648327020186061,4.0,2.862947557508805,3.4336506653608434
0.20627692768107675,0.0,0.009387402724478022,0.3084134081758032,0.009387402724478022,0.16424766065567198,-0.009387402724478022,-0.16424766065567198,0.0,0.0,0.3421024204690566,-0.16670406340452448,0.2878127432379083,-0.16424766065567198,-0.15866955080332357,0.7532316039464764,4.0,2.8697193765305267,3.3947667141244877
0.22637777295904193,0.0,0.006384438385310887,0.2997753814579731,0.006384438385310887,0.13784369988630463,-0.006384438385310887,-0.13784369988630463,0.0,0.0,0.2884954306763481,-0.14226783691198808,0.2753072646018886,-0.13784369988630463,-0.13707640341617644,0.7384508835051857,4.0,2.8882843916287073,3.4646877013786184
0.2068726166601893,0.0,0.009333457362383335,0.3088308196980929,0.009333457362383335,0.1655879562274878,-0.009333457362383335,-0.1655879562274878,0.0,0.0,0.3414364741373559,-0.1678662930723176,0.2882011070739985,-0.1655879562274878,-0.1585018897074475,0.7548848954465122,4.0,2.8685778463542624,3.3986320280264306
0.22120129879959283,0.0,0.013864038973812498,0.2855941350998483,0.013864038973812498,0.1223238836480034,-0.013864038973812498,-0.1223238836480034,0.0,0.0,0.30452978434873845,-0.1320702258945614,0.25738176295253457,-0.1223238836480034,-0.11842085273686198,0.7078471734761793,4.0,2.91000599683061,3.4305902168233104
0.22735117210228495,0.0,0.005185347889463898,0.3015054480860506,0.005185347889463898,0.1399590884039661,-0.005185347889463898,-0.1399590884039661,0.0,0.0,0.28681098662983295,-0.1422693074728354,0.2768713360913537,-0.1399590884039661,-0.13980623958917882,0.7419135760382733,4.0,2.892028046525481,3.4640904834463484
0.21767230833027362,0.0,0.0030116217302582626,0.32277447156279937,0.0030116217302582626,0.1791753407110921,-0.0030116217302582626,-0.1791753407110921,0.0,0.0,0.3139429984825304,-0.1743561271535734,0.30334350274955124,-0.1791753407110921,-0.17052230122636924,0.7809120976069011,4.0,2.8611097357048707,3.440370288353254
0.2228359427405877,0.0,0.01071848312767898,0.28810458344566214,0.01071848312767898,0.1255605750912423,-0.01071848312767898,-0.1255605750912423,0.0,0.0,0.30522773722011376,-0.13440641244434293,0.2608856934424839,-0.1255605750912423,-0.1226088009004842,0.7124065798308221,4.0,2.91144958691308,3.4291110193227707
0.22703037346073884,0.0,0.005137655776199068,0.3035830590247528,0.005137655776199068,0.14111867365711017,-0.005137655776199068,-0.14111867365711017,0.0,0.0,0.2858269021579023,-0.14475032087342576,0.2776307208277249,-0.14111867365711017,-0.13831225491885135,0.7425757695733486,4.0,2.8893247685396553,3.4655492924969766
0.2229136291965208,0.0,0.010996971528057564,0.2888765648833429,0.010996971528057564,0.12588786616644398,-0.010996971528057564,-0.12588786616644398,0.0,0.0,0.30250872909921966,-0.13455344363869237,0.2605774052175347,-0.12588786616644398,-0.12021482306293407,0.712386064314674,4.0,2.909307976754653,3.4306906192749205
0.20660476696005858,0.0,0.009963283847763904,0.3132431497028456,0.009963283847763904,0.16965939486573856,-0.009963283847763904,-0.16965939486573856,0.0,0.0,0.33957941576035733,-0.17319638616721367,0.2907474224420863,-0.16965939486573856,-0.15990541651186607,0.7602263902029858,4.0,2.8710419151076225,3.3992036696963663
0.23325508028859598,0.0004903736476720155,0.0,0.31307278938827476,0.0,0.15385617309962107,0.0,-0.15385617309962107,0.0004903736476720155,-0.0004903736476720155,0.26916962314654125,-0.151140539473416,0.29178551421488574,-0.15385617309962107,-0.15556047193942302,0.7703870351977695,4.0,2.8719886672142714,3.497369807149746
0.2204910114989751,0.0,0.0011105831130207022,0.3190450686607571,0.0011105831130207022,0.1802662624834328,-0.0011105831130207022,-0.1802662624834328,0.0,0.0,0.3116072838152073,-0.16869964338576526,0.30156598740924334,-0.1802662624834328,-0.1689415586735672,0.7816907614168409,4.0,2.85877632086653,3.4385675086300167
0.22301954674020408,0.0,0.005850303187890482,0.31315002033486916,0.005850303187890482,0.1639967775399791,-0.005850303187890482,-0.1639967775399791,0.0,0.0,0.3116333429985838,-0.1682277748660832,0.2922507155337781,-0.1639967775399791,-0.16334189050938708,0.7672657454914029,4.0,2.8714824123098985,3.443167998493955
0.216302470170052,0.0,0.007314401444536323,0.31516618206843106,0.007314401444536323,0.16260352012393753,-0.007314401444536323,-0.16260352012393753,0.0,0.0,0.31704274908866115,-0.17210738183152952,0.2946416989247247,-0.16260352012393753,-0.16503589046763079,0.7668825220979718,4.0,2.861967966508621,3.4363218353374494
0.21576395721232178,0.0,0.008390789043026814,0.31451848033056873,0.008390789043026814,0.15937038195752162,-0.008390789043026814,-0.15937038195752162,0.0,0.0,0.318106990027089,-0.17101430267234807,0.2918072862487824,-0.15937038195752162,-0.16314475808932283,0.762545171228683,4.0,2.8617802221494437,3.438463767779836
0.2215563130404261,0.0,0.008640187689038292,0.3123672079362052,0.008640187689038292,0.16028003925864187,-0.008640187689038292,-0.16028003925864187,0.0,0.0,0.310862677410074,-0.1676241503200009,0.2897180274643709,-0.16028003925864187,-0.15841790313749815,0.7607809105473056,4.0,2.868990277817724,3.4469635167261035
0.22067315283376931,0.0,0.014492711508689027,0.2858138191655337,0.014492711508689027,0.11902925737672554,-0.014492711508689027,-0.11902925737672554,0.0,0.0,0.3047060076335919,-0.13248116700826795,0.2557704781786514,-0.11902925737672554,-0.11645391718356013,0.7041114036195975,4.0,2.90785987373551,3.4306016567324544
0.2167250403411458,0.0,0.0063022978044582345,0.320851613121917,0.0063022978044582345,0.17880730860530392,-0.0063022978044582345,-0.17880730860530392,0.0,0.0,0.311193420108002,-0.17302873735215396,0.2989444068412901,-0.17880730860530392,-0.1649321295938604,0.7803546287057843,4.0,2.8549048850568624,3.4443953089187085
0.2050192984245145,0.0,0.013053321737285017,0.3099004140672106,0.013053321737285017,0.16322042083808608,-0.013053321737285017,-0.16322042083808608,0.0,0.0,0.3390324094977144,-0.16983151194102053,0.2846215169987003,-0.16322042083808608,-0.15335103620546509,0.7523792396304261,4.0,2.867292819148119,3.4006137531271587
0.2046721639495983,0.0,0.013541876093598582,0.31041542049413273,0.013541876093598582,0.16431312875045734,-0.013541876093598582,-0.16431312875045734,0.0,0.0,0.33904470700950995,-0.17075772919724308,0.2852806240336552,-0.16431312875045734,-0.15317916099753326,0.7528984587360181,4.0,2.8687682406431816,3.401430545590585
0.2152838497086842,0.0,0.0021849880609643435,0.33512446290374687,0.0021849880609643435,0.1871470079039348,-0.0021849880609643435,-0.1871470079039348,0.0,0.0,0.30362177815086966,-0.1854930248115192,0.31479974013487233,-0.1871470079039348,-0.18428409269923485,0.8035125378268306,4.0,2.8319628504719505,3.4668890645344628
0.19348326462631515,0.0,0.005152381072177192,0.345509530514188,0.005152381072177192,0.22063103454974708,-0.005152381072177192,-0.22063103454974708,0.0,0.0,0.35898667814679097,-0.21345754153557106,0.3299477370218691,-0.22063103454974708,-0.20887478988519792,0.8274870059604549,4.0,2.810438219096367,3.398212924466066
0.21423005405233386,0.0,0.008617459269481209,0.319451356199993,0.008617459269481209,0.17128247664435392,-0.008617459269481209,-0.17128247664435392,0.0,0.0,0.3142890302287542,-0.171760517017014,0.2950769290246189,-0.17128247664435392,-0.1618533573832197,0.7708347536406857,4.0,2.8577546980621973,3.4399660003973738
0.19153058028045944,0.0,0.008207894439849817,0.3474950572250375,0.008207894439849817,0.22179939595153986,-0.008207894439849817,-0.22179939595153986,0.0,0.0,0.35791893188705703,-0.21691026019740267,0.32942304286229174,-0.22179939595153986,-0.20732099290442552,0.8290583737299517,4.0,2.8098843369551867,3.3998326384099156
0.23220740228529912,0.0,0.002432640490246385,0.31521865205764676,0.002432640490246385,0.152889611899945,-0.002432640490246385,-0.152889611899945,0.0,0.0,0.2682852278586818,-0.15420482676038816,0.28946843260063027,-0.152889611899945,-0.15189903607588384,0.7689843508149918,4.0,2.870908205216679,3.501154096107235
0.2263907169720527,0.0,0.008096523495119357,0.3006833334263552,0.008096523495119357,0.13580425778294725,-0.008096523495119357,-0.13580425778294725,0.0,0.0,0.28460735099671997,-0.1427706563536999,0.272478760111281,-0.13580425778294725,-0.1333274911622384,0.7372489516686365,4.0,2.8895258662618843,3.464551886556396
0.2138546723434649,0.0,0.010258309215926076,0.3177158520683152,0.010258309215926076,0.1629380075573028,-0.010258309215926076,-0.1629380075573028,0.0,0.0,0.3203215050897814,-0.1771602274569375,0.29355195084046937,-0.1629380075573028,-0.1656017900629898,0.7676009668905523,4.0,2.8634954755328783,3.4376308810585745
0.19213356596231446,0.0,0.0061346204487593425,0.35063236086771354,0.0061346204487593425,0.2254374025021768,-0.0061346204487593425,-0.2254374025021768,0.0,0.0,0.35684700307926587,-0.2198702012426521,0.3325011175013852,-0.2254374025021768,-0.20906936756014805,0.8337315348168177,4.0,2.8086044687375544,3.4002778324399445
0.21514199316750826,0.0,0.003695669524544698,0.33576390238571996,0.003695669524544698,0.18786988389493153,-0.003695669524544698,-0.18786988389493153,0.0,0.0,0.30124405016459654,-0.18769862891058509,0.31414953176685145,-0.18786988389493153,-0.18308108168713844,0.8062576788547133,4.0,2.8340201111693712,3.4665281199312137
